3.30901e+12  3.309e+12  0 
1.96208e+12  1.96208e+12  0 
4.97083e+12  4.97083e+12  0 
2.68962e+12  2.68962e+12  0 
4.18231e+12  4.18231e+12  0 
2.81483e+12  2.81482e+12  0 
1.58021e+12  1.58021e+12  0 
4.83444e+12  4.83444e+12  0 
1.66366e+12  1.66366e+12  0 
2.92041e+19  2.92041e+19  0 
9.60501e+11  9.60499e+11  0 
3.74446e+19  3.74446e+19  0 
2.04796e+12  2.04796e+12  0 
3.42613e+12  3.42612e+12  0 
8.06614e+18  8.06614e+18  0 
6.74559e+12  6.74559e+12  0 
7.23268e+12  7.23267e+12  0 
3.33426e+12  3.33426e+12  0 
1.5576e+18  1.5576e+18  0 
1.64217e+12  1.64216e+12  0 
3.5807e+12  3.5807e+12  0 
9.25786e+17  9.25786e+17  0 
9.33903e+17  9.33903e+17  0 
5.46823e+18  5.46823e+18  0 
9.29692e+18  9.29692e+18  0 
3.69467e+12  3.69467e+12  0 
2.86349e+12  2.86349e+12  0 
1.55149e+12  1.55149e+12  0 
2.5365e+12  2.5365e+12  0 
3.02303e+12  3.02303e+12  0 
6.97083e+17  6.97083e+17  0 
5.32155e+19  5.32155e+19  0 
1.33544e+12  1.33544e+12  0 
2.03772e+12  2.03772e+12  0 
5.43539e+12  5.43539e+12  0 
4.24589e+18  4.24589e+18  0 
1.60619e+12  1.60619e+12  0 
1.76983e+12  1.76983e+12  0 
9.76886e+11  9.76884e+11  0 
1.55122e+12  1.55122e+12  0 
6.00383e+12  6.00383e+12  0 
9.82144e+18  9.82144e+18  0 
3.49823e+18  3.49823e+18  0 
4.62908e+12  4.62908e+12  0 
2.73486e+18  2.73486e+18  0 
2.79727e+12  2.79727e+12  0 
1.1343e+13  1.1343e+13  0 
1.20707e+18  1.20707e+18  0 
3.20209e+12  3.20209e+12  0 
2.78878e+12  2.78878e+12  0 
1.9217e+12  1.92169e+12  0 
1.32924e+12  1.32924e+12  0 
3.28198e+12  3.28198e+12  0 
1.90809e+12  1.90809e+12  0 
2.49519e+19  2.49519e+19  0 
2.26477e+12  2.26476e+12  0 
1.89279e+12  1.89279e+12  0 
3.27685e+12  3.27685e+12  0 
4.34244e+12  4.34244e+12  0 
5.63053e+12  5.63053e+12  0 
2.47859e+12  2.47859e+12  0 
5.11284e+12  5.11284e+12  0 
3.00518e+12  3.00518e+12  0 
2.26898e+12  2.26898e+12  0 
6.18877e+12  6.18877e+12  0 
3.77544e+12  3.77544e+12  0 
1.83247e+12  1.83247e+12  0 
1.73856e+18  1.73856e+18  0 
2.91964e+12  2.91964e+12  0 
2.63202e+12  2.63202e+12  0 
1.00378e+12  1.00378e+12  0 
5.83704e+12  5.83704e+12  0 
1.15751e+13  1.15751e+13  0 
4.37966e+12  4.37966e+12  0 
1.94925e+12  1.94924e+12  0 
3.00453e+12  3.00453e+12  0 
3.65375e+12  3.65375e+12  0 
2.24566e+12  2.24566e+12  0 
6.26867e+12  6.26867e+12  0 
2.63952e+12  2.63952e+12  0 
4.8428e+18  4.8428e+18  0 
1.79393e+12  1.79393e+12  0 
4.64537e+12  4.64537e+12  0 
2.29672e+12  2.29672e+12  0 
3.49731e+12  3.49731e+12  0 
2.70679e+12  2.70679e+12  0 
5.88101e+18  5.88101e+18  0 
4.38519e+18  4.38519e+18  0 
5.10583e+12  5.10582e+12  0 
3.49748e+12  3.49748e+12  0 
1.34304e+12  1.34304e+12  0 
3.97573e+12  3.97573e+12  0 
5.73738e+18  5.73738e+18  0 
5.43032e+12  5.43032e+12  0 
9.21406e+18  9.21406e+18  0 
2.04147e+12  2.04147e+12  0 
4.4472e+12  4.4472e+12  0 
7.70701e+18  7.70701e+18  0 
2.60369e+12  2.60369e+12  0 
3.95962e+12  3.95962e+12  0 

1.13093e-13  1.01319e-19  0 
1.1314e-13  1.02241e-19  1 
1.23619e-13  8.77879e-20  0 
1.20669e-13  8.82073e-20  0 
1.19163e-13  9.17455e-20  0 
1.1772e-13  9.27935e-20  0 
1.16012e-13  9.32359e-20  0 
1.15779e-13  9.35591e-20  0 
1.13745e-13  9.71021e-20  0 
1.20793e-13  9.15212e-20  1 
1.16912e-13  9.33652e-20  1 
1.21632e-13  8.83786e-20  1 
1.14429e-13  1.08641e-19  2 
1.15127e-13  1.01659e-19  1 
1.15872e-13  1.00629e-19  1 
1.26289e-13  8.80805e-20  1 
1.26367e-13  8.80611e-20  1 
1.21647e-13  9.10709e-20  2 
1.17145e-13  9.64049e-20  2 
1.16711e-13  1.01122e-19  2 
1.1609e-13  1.02599e-19  2 
1.24473e-13  9.05325e-20  2 
1.24861e-13  8.98185e-20  2 
1.24892e-13  8.95904e-20  2 
1.2129e-13  9.39158e-20  2 
1.16509e-13  1.03373e-19  3 
1.16555e-13  1.02736e-19  3 
1.16819e-13  1.01952e-19  3 
1.16943e-13  1.01499e-19  3 
1.2174e-13  9.40677e-20  3 
1.30108e-13  9.24734e-20  3 
1.16819e-13  1.13886e-19  4 
1.18465e-13  1.12499e-19  4 
1.18651e-13  1.07572e-19  4 
1.19645e-13  1.03372e-19  4 
1.2365e-13  9.6523e-20  4 
1.19381e-13  1.08453e-19  5 
1.20607e-13  1.03704e-19  5 
1.207e-13  1.04616e-19  6 
1.21973e-13  1.05827e-19  7 
2.38779e-13  1.79902e-19  8 
2.35976e-13  1.92947e-19  8 
2.38714e-13  1.9147e-19  8 
2.36685e-13  2.08338e-19  9 
2.4171e-13  1.91788e-19  9 
2.39036e-13  1.94184e-19  9 
2.44254e-13  1.80749e-19  9 
2.36749e-13  2.09478e-19  10 
2.45124e-13  1.86582e-19  10 
2.49473e-13  1.83026e-19  10 
2.55464e-13  1.82591e-19  10 
2.62615e-13  1.82253e-19  10 
2.64805e-13  1.8105e-19  10 
2.40067e-13  2.10107e-19  11 
2.39165e-13  2.14506e-19  11 
2.45253e-13  1.92188e-19  11 
2.46863e-13  1.88361e-19  11 
2.55045e-13  1.85835e-19  11 
2.60102e-13  1.85324e-19  11 
2.40872e-13  2.1288e-19  12 
2.45317e-13  1.93776e-19  12 
2.51566e-13  1.90163e-19  12 
2.57461e-13  1.88798e-19  12 
2.60166e-13  1.88031e-19  12 
2.60843e-13  1.87323e-19  12 
2.6197e-13  1.87255e-19  12 
2.66254e-13  1.8618e-19  12 
2.41967e-13  2.24875e-19  13 
2.44061e-13  2.14511e-19  13 
2.46187e-13  2.00016e-19  13 
2.51598e-13  1.92132e-19  13 
2.49505e-13  1.95316e-19  13 
2.59361e-13  1.91418e-19  13 
2.46026e-13  2.23308e-19  14 
2.46735e-13  2.2326e-19  14 
2.48377e-13  2.14943e-19  14 
2.52468e-13  2.12761e-19  14 
2.55206e-13  2.08142e-19  14 
2.55496e-13  1.94086e-19  14 
2.49666e-13  2.17967e-19  15 
2.55045e-13  2.14404e-19  15 
2.56784e-13  1.99211e-19  15 
2.58041e-13  1.99632e-19  16 
2.57493e-13  2.1913e-19  16 
4.57875e-13  3.05393e-19  17 
4.05725e-13  3.61353e-19  17 
4.13948e-13  3.28546e-19  17 
4.09422e-13  3.32608e-19  17 
4.14886e-13  3.09545e-19  17 
4.12402e-13  3.31437e-19  17 
4.16045e-13  3.29327e-19  18 
4.11409e-13  3.85756e-19  18 
4.15548e-13  3.56241e-19  18 
4.14996e-13  3.67377e-19  18 
4.22667e-13  3.28913e-19  18 
4.29455e-13  3.27129e-19  18 
4.34366e-13  3.14156e-19  18 
4.49211e-13  3.12538e-19  18 
4.16155e-13  3.31352e-19  19 
4.29675e-13  3.29576e-19  19 

4.44675e-14  3.81703e-20  0 
4.58329e-14  3.81285e-20  0 
4.62076e-14  3.33919e-20  0 
4.73824e-14  3.80139e-20  1 
4.59218e-14  3.95469e-20  1 
4.8551e-14  3.76958e-20  1 
4.70712e-14  3.83076e-20  1 
4.88875e-14  3.72002e-20  1 
4.72872e-14  3.8258e-20  1 
4.91797e-14  3.65163e-20  1 
4.99926e-14  3.61032e-20  1 
5.08309e-14  3.58685e-20  1 
5.11547e-14  3.58529e-20  1 
5.11674e-14  3.57213e-20  1 
4.61059e-14  4.72426e-20  2 
4.66204e-14  4.41146e-20  2 
4.80048e-14  3.81304e-20  2 
4.68744e-14  4.17136e-20  2 
4.69315e-14  4.151e-20  2 
4.86716e-14  3.81099e-20  2 
4.6976e-14  4.10352e-20  2 
4.73189e-14  3.9558e-20  2 
4.91162e-14  3.77554e-20  2 
4.77508e-14  3.94248e-20  2 
4.95353e-14  3.75714e-20  2 
4.7827e-14  3.86824e-20  2 
5.00497e-14  3.75468e-20  2 
5.02212e-14  3.72411e-20  2 
5.02847e-14  3.62167e-20  2 
5.10277e-14  3.59381e-20  2 
4.76365e-14  4.13307e-20  3 
4.77e-14  4.10358e-20  3 
4.80239e-14  3.81707e-20  3 
4.99227e-14  3.77462e-20  3 
5.02847e-14  3.73756e-20  3 
5.05705e-14  3.7137e-20  3 
5.07483e-14  3.70422e-20  3 
5.11293e-14  3.66163e-20  3 
5.13326e-14  3.62673e-20  3 
5.20883e-14  3.61893e-20  3 
5.21454e-14  3.61308e-20  3 
4.80239e-14  4.14149e-20  4 
4.84811e-14  4.13272e-20  4 
5.05895e-14  3.79194e-20  4 
5.11928e-14  3.71863e-20  4 
4.96496e-14  3.94567e-20  4 
5.01831e-14  3.84846e-20  4 
4.80239e-14  4.15362e-20  5 
5.09896e-14  4.09629e-20  5 
5.3098e-14  3.75565e-20  5 
5.30218e-14  3.82499e-20  5 
4.8443e-14  4.22475e-20  6 
4.90463e-14  4.17272e-20  6 
4.86018e-14  4.23737e-20  7 
7.62222e-14  5.26144e-20  8 
7.20894e-14  6.22726e-20  8 
7.48512e-14  5.9804e-20  8 
7.56318e-14  5.75649e-20  8 
7.47111e-14  6.03453e-20  8 
7.24496e-14  6.30269e-20  9 
7.57719e-14  5.9883e-20  9 
7.35203e-14  6.23704e-20  9 
7.72729e-14  5.96085e-20  9 
7.72929e-14  5.93593e-20  9 
7.50514e-14  6.09844e-20  9 
7.82536e-14  5.83356e-20  9 
7.94844e-14  5.62097e-20  9 
7.29199e-14  7.38944e-20  10 
7.33302e-14  7.33792e-20  10 
7.63923e-14  5.98972e-20  10 
7.38506e-14  6.53401e-20  10 
7.41107e-14  6.5267e-20  10 
7.41408e-14  6.33603e-20  10 
7.75531e-14  5.95068e-20  10 
7.55517e-14  6.2487e-20  10 
7.58819e-14  6.21313e-20  10 
7.86939e-14  5.88536e-20  10 
7.61922e-14  6.19057e-20  10 
8.02249e-14  5.81982e-20  10 
8.08453e-14  5.66219e-20  10 
8.13057e-14  5.65193e-20  10 
8.16459e-14  5.64734e-20  10 
7.46511e-14  6.55908e-20  11 
7.50914e-14  6.38983e-20  11 
7.63223e-14  6.25329e-20  11 
7.72929e-14  6.03126e-20  11 
8.0305e-14  5.86475e-20  11 
8.10355e-14  5.68101e-20  11 
8.1796e-14  5.67656e-20  11 
7.53416e-14  6.46292e-20  12 
7.68026e-14  6.43649e-20  12 
7.73429e-14  6.11417e-20  12 
7.8884e-14  6.06969e-20  12 
7.96245e-14  6.04071e-20  12 
8.27667e-14  5.69882e-20  12 
7.55717e-14  6.64647e-20  13 
7.81535e-14  6.19649e-20  13 
8.40876e-14  6.02904e-20  13 
7.65824e-14  6.67688e-20  14 
7.89541e-14  6.21846e-20  14 

4.44675e-14  3.81703e-20  0 
4.58329e-14  3.81285e-20  0 
4.62076e-14  3.33919e-20  0 
4.73824e-14  3.80139e-20  1 
4.59218e-14  3.95469e-20  1 
4.8551e-14  3.76958e-20  1 
4.70712e-14  3.83076e-20  1 
4.88875e-14  3.72002e-20  1 
4.72872e-14  3.8258e-20  1 
4.91797e-14  3.65163e-20  1 
4.99926e-14  3.61032e-20  1 
5.08309e-14  3.58685e-20  1 
5.11547e-14  3.58529e-20  1 
5.11674e-14  3.57213e-20  1 
4.61059e-14  4.72426e-20  2 
4.66204e-14  4.41146e-20  2 
4.80048e-14  3.81304e-20  2 
4.68744e-14  4.17136e-20  2 
4.69315e-14  4.151e-20  2 
4.86716e-14  3.81099e-20  2 
4.6976e-14  4.10352e-20  2 
4.73189e-14  3.9558e-20  2 
4.91162e-14  3.77554e-20  2 
4.77508e-14  3.94248e-20  2 
4.95353e-14  3.75714e-20  2 
4.7827e-14  3.86824e-20  2 
5.00497e-14  3.75468e-20  2 
5.02212e-14  3.72411e-20  2 
5.02847e-14  3.62167e-20  2 
5.10277e-14  3.59381e-20  2 
4.76365e-14  4.13307e-20  3 
4.77e-14  4.10358e-20  3 
4.80239e-14  3.81707e-20  3 
4.99227e-14  3.77462e-20  3 
5.02847e-14  3.73756e-20  3 
5.05705e-14  3.7137e-20  3 
5.07483e-14  3.70422e-20  3 
5.11293e-14  3.66163e-20  3 
5.13326e-14  3.62673e-20  3 
5.20883e-14  3.61893e-20  3 
5.21454e-14  3.61308e-20  3 
4.80239e-14  4.14149e-20  4 
4.84811e-14  4.13272e-20  4 
5.05895e-14  3.79194e-20  4 
5.11928e-14  3.71863e-20  4 
4.96496e-14  3.94567e-20  4 
5.01831e-14  3.84846e-20  4 
4.80239e-14  4.15362e-20  5 
5.09896e-14  4.09629e-20  5 
5.3098e-14  3.75565e-20  5 
5.30218e-14  3.82499e-20  5 
4.8443e-14  4.22475e-20  6 
4.90463e-14  4.17272e-20  6 
4.86018e-14  4.23737e-20  7 
7.62222e-14  5.26144e-20  8 
7.20894e-14  6.22726e-20  8 
7.48512e-14  5.9804e-20  8 
7.56318e-14  5.75649e-20  8 
7.47111e-14  6.03453e-20  8 
7.24496e-14  6.30269e-20  9 
7.57719e-14  5.9883e-20  9 
7.35203e-14  6.23704e-20  9 
7.72729e-14  5.96085e-20  9 
7.72929e-14  5.93593e-20  9 
7.50514e-14  6.09844e-20  9 
7.82536e-14  5.83356e-20  9 
7.94844e-14  5.62097e-20  9 
7.29199e-14  7.38944e-20  10 
7.33302e-14  7.33792e-20  10 
7.63923e-14  5.98972e-20  10 
7.38506e-14  6.53401e-20  10 
7.41107e-14  6.5267e-20  10 
7.41408e-14  6.33603e-20  10 
7.75531e-14  5.95068e-20  10 
7.55517e-14  6.2487e-20  10 
7.58819e-14  6.21313e-20  10 
7.86939e-14  5.88536e-20  10 
7.61922e-14  6.19057e-20  10 
8.02249e-14  5.81982e-20  10 
8.08453e-14  5.66219e-20  10 
8.13057e-14  5.65193e-20  10 
8.16459e-14  5.64734e-20  10 
7.46511e-14  6.55908e-20  11 
7.50914e-14  6.38983e-20  11 
7.63223e-14  6.25329e-20  11 
7.72929e-14  6.03126e-20  11 
8.0305e-14  5.86475e-20  11 
8.10355e-14  5.68101e-20  11 
8.1796e-14  5.67656e-20  11 
7.53416e-14  6.46292e-20  12 
7.68026e-14  6.43649e-20  12 
7.73429e-14  6.11417e-20  12 
7.8884e-14  6.06969e-20  12 
7.96245e-14  6.04071e-20  12 
8.27667e-14  5.69882e-20  12 
7.55717e-14  6.64647e-20  13 
7.81535e-14  6.19649e-20  13 
8.40876e-14  6.02904e-20  13 
7.65824e-14  6.67688e-20  14 
7.89541e-14  6.21846e-20  14 

4.44675e-14  3.81703e-20  0 
4.58329e-14  3.81285e-20  0 
4.62076e-14  3.33919e-20  0 
4.73824e-14  3.80139e-20  1 
4.59218e-14  3.95469e-20  1 
4.8551e-14  3.76958e-20  1 
4.70712e-14  3.83076e-20  1 
4.88875e-14  3.72002e-20  1 
4.72872e-14  3.8258e-20  1 
4.91797e-14  3.65163e-20  1 
4.99926e-14  3.61032e-20  1 
5.08309e-14  3.58685e-20  1 
5.11547e-14  3.58529e-20  1 
5.11674e-14  3.57213e-20  1 
4.61059e-14  4.72426e-20  2 
4.66204e-14  4.41146e-20  2 
4.80048e-14  3.81304e-20  2 
4.68744e-14  4.17136e-20  2 
4.69315e-14  4.151e-20  2 
4.86716e-14  3.81099e-20  2 
4.6976e-14  4.10352e-20  2 
4.73189e-14  3.9558e-20  2 
4.91162e-14  3.77554e-20  2 
4.77508e-14  3.94248e-20  2 
4.95353e-14  3.75714e-20  2 
4.7827e-14  3.86824e-20  2 
5.00497e-14  3.75468e-20  2 
5.02212e-14  3.72411e-20  2 
5.02847e-14  3.62167e-20  2 
5.10277e-14  3.59381e-20  2 
4.76365e-14  4.13307e-20  3 
4.77e-14  4.10358e-20  3 
4.80239e-14  3.81707e-20  3 
4.99227e-14  3.77462e-20  3 
5.02847e-14  3.73756e-20  3 
5.05705e-14  3.7137e-20  3 
5.07483e-14  3.70422e-20  3 
5.11293e-14  3.66163e-20  3 
5.13326e-14  3.62673e-20  3 
5.20883e-14  3.61893e-20  3 
5.21454e-14  3.61308e-20  3 
4.80239e-14  4.14149e-20  4 
4.84811e-14  4.13272e-20  4 
5.05895e-14  3.79194e-20  4 
5.11928e-14  3.71863e-20  4 
4.96496e-14  3.94567e-20  4 
5.01831e-14  3.84846e-20  4 
4.80239e-14  4.15362e-20  5 
5.09896e-14  4.09629e-20  5 
5.3098e-14  3.75565e-20  5 
5.30218e-14  3.82499e-20  5 
4.8443e-14  4.22475e-20  6 
4.90463e-14  4.17272e-20  6 
4.86018e-14  4.23737e-20  7 
7.62222e-14  5.26144e-20  8 
7.20894e-14  6.22726e-20  8 
7.48512e-14  5.9804e-20  8 
7.56318e-14  5.75649e-20  8 
7.47111e-14  6.03453e-20  8 
7.24496e-14  6.30269e-20  9 
7.57719e-14  5.9883e-20  9 
7.35203e-14  6.23704e-20  9 
7.72729e-14  5.96085e-20  9 
7.72929e-14  5.93593e-20  9 
7.50514e-14  6.09844e-20  9 
7.82536e-14  5.83356e-20  9 
7.94844e-14  5.62097e-20  9 
7.29199e-14  7.38944e-20  10 
7.33302e-14  7.33792e-20  10 
7.63923e-14  5.98972e-20  10 
7.38506e-14  6.53401e-20  10 
7.41107e-14  6.5267e-20  10 
7.41408e-14  6.33603e-20  10 
7.75531e-14  5.95068e-20  10 
7.55517e-14  6.2487e-20  10 
7.58819e-14  6.21313e-20  10 
7.86939e-14  5.88536e-20  10 
7.61922e-14  6.19057e-20  10 
8.02249e-14  5.81982e-20  10 
8.08453e-14  5.66219e-20  10 
8.13057e-14  5.65193e-20  10 
8.16459e-14  5.64734e-20  10 
7.46511e-14  6.55908e-20  11 
7.50914e-14  6.38983e-20  11 
7.63223e-14  6.25329e-20  11 
7.72929e-14  6.03126e-20  11 
8.0305e-14  5.86475e-20  11 
8.10355e-14  5.68101e-20  11 
8.1796e-14  5.67656e-20  11 
7.53416e-14  6.46292e-20  12 
7.68026e-14  6.43649e-20  12 
7.73429e-14  6.11417e-20  12 
7.8884e-14  6.06969e-20  12 
7.96245e-14  6.04071e-20  12 
8.27667e-14  5.69882e-20  12 
7.55717e-14  6.64647e-20  13 
7.81535e-14  6.19649e-20  13 
8.40876e-14  6.02904e-20  13 
7.65824e-14  6.67688e-20  14 
7.89541e-14  6.21846e-20  14 

1.50578e-14  1.27557e-20  0 
1.51087e-14  1.38515e-20  1 
1.6943e-14  1.0942e-20  0 
1.671e-14  1.09698e-20  0 
1.63118e-14  1.1304e-20  0 
1.57907e-14  1.22238e-20  0 
1.51193e-14  1.22393e-20  0 
1.51637e-14  1.26339e-20  1 
1.51786e-14  1.23266e-20  1 
1.65532e-14  1.13067e-20  1 
1.64219e-14  1.22336e-20  1 
1.59941e-14  1.22429e-20  1 
1.5312e-14  1.24088e-20  2 
1.65617e-14  1.21742e-20  2 
1.67672e-14  1.19255e-20  2 
1.67778e-14  1.19207e-20  2 
1.73348e-14  1.18777e-20  2 
1.75763e-14  1.13796e-20  2 
1.67841e-14  1.2088e-20  3 
1.67884e-14  1.19868e-20  3 
1.56022e-14  1.26825e-20  3 
1.60745e-14  1.25171e-20  3 
1.61402e-14  1.25011e-20  3 
1.628e-14  1.24708e-20  3 
1.67248e-14  1.23023e-20  3 
1.79364e-14  1.19247e-20  3 
1.56022e-14  1.71561e-20  4 
1.56509e-14  1.39705e-20  4 
1.5778e-14  1.38257e-20  4 
1.59305e-14  1.35813e-20  4 
1.59538e-14  1.32535e-20  4 
1.73772e-14  1.21298e-20  4 
1.61868e-14  1.26715e-20  4 
1.74937e-14  1.20936e-20  4 
1.68032e-14  1.25842e-20  4 
1.69218e-14  1.24622e-20  4 
1.57907e-14  1.38749e-20  5 
1.64495e-14  1.3231e-20  5 
1.71294e-14  1.26119e-20  5 
1.7123e-14  1.30752e-20  5 
1.74174e-14  1.2563e-20  5 
1.6155e-14  2.2658e-20  6 
1.61847e-14  1.4136e-20  6 
1.62419e-14  1.38769e-20  6 
1.65575e-14  1.34314e-20  6 
1.65638e-14  1.34157e-20  6 
1.66337e-14  1.34012e-20  6 
1.73539e-14  1.32157e-20  6 
1.74534e-14  1.324e-20  7 
2.6002e-14  2.22656e-20  8 
2.82338e-14  1.97218e-20  8 
2.80601e-14  2.10071e-20  8 
2.63752e-14  2.13512e-20  8 
2.92536e-14  1.91368e-20  8 
2.63938e-14  2.26408e-20  9 
2.88712e-14  2.00796e-20  9 
2.65488e-14  2.19293e-20  9 
2.74208e-14  2.16522e-20  9 
2.8049e-14  2.13552e-20  9 
3.0266e-14  1.98798e-20  9 
2.71833e-14  2.24407e-20  10 
2.74088e-14  2.22826e-20  10 
2.6619e-14  2.45684e-20  10 
2.6656e-14  2.26654e-20  10 
2.91058e-14  2.07891e-20  10 
2.90577e-14  2.10761e-20  10 
2.74911e-14  2.17825e-20  10 
3.01404e-14  2.07453e-20  10 
2.85146e-14  2.1548e-20  10 
2.89838e-14  2.14659e-20  10 
2.86343e-14  2.16649e-20  11 
2.90854e-14  2.11695e-20  11 
2.66855e-14  2.43099e-20  11 
2.72396e-14  2.28325e-20  11 
2.91612e-14  2.08537e-20  11 
2.7528e-14  2.19066e-20  11 
2.79086e-14  2.18438e-20  11 
2.9963e-14  2.07982e-20  11 
2.90467e-14  2.15839e-20  11 
2.95178e-14  2.14082e-20  12 
2.68962e-14  2.44874e-20  12 
2.74135e-14  2.39411e-20  12 
2.83674e-14  2.23203e-20  12 
2.748e-14  2.38395e-20  12 
2.75095e-14  2.31461e-20  12 
2.9697e-14  2.1051e-20  12 
2.78347e-14  2.29666e-20  12 
3.05616e-14  2.09096e-20  12 
2.87511e-14  2.2078e-20  12 
2.88508e-14  2.19233e-20  12 
2.89802e-14  2.1857e-20  12 
2.91945e-14  2.17883e-20  12 
2.97283e-14  2.11848e-20  13 
2.74351e-14  2.47585e-20  13 
2.75366e-14  2.35799e-20  13 
2.9717e-14  2.14999e-20  13 
2.71437e-14  3.00853e-20  13 
2.99877e-14  2.11366e-20  13 
2.76682e-14  2.34101e-20  13 
2.74356e-14  2.43567e-20  13 

1.50578e-14  1.27557e-20  0 
1.51087e-14  1.38515e-20  1 
1.6943e-14  1.0942e-20  0 
1.671e-14  1.09698e-20  0 
1.63118e-14  1.1304e-20  0 
1.57907e-14  1.22238e-20  0 
1.51193e-14  1.22393e-20  0 
1.51637e-14  1.26339e-20  1 
1.51786e-14  1.23266e-20  1 
1.65532e-14  1.13067e-20  1 
1.64219e-14  1.22336e-20  1 
1.59941e-14  1.22429e-20  1 
1.5312e-14  1.24088e-20  2 
1.65617e-14  1.21742e-20  2 
1.67672e-14  1.19255e-20  2 
1.67778e-14  1.19207e-20  2 
1.73348e-14  1.18777e-20  2 
1.75763e-14  1.13796e-20  2 
1.67841e-14  1.2088e-20  3 
1.67884e-14  1.19868e-20  3 
1.56022e-14  1.26825e-20  3 
1.60745e-14  1.25171e-20  3 
1.61402e-14  1.25011e-20  3 
1.628e-14  1.24708e-20  3 
1.67248e-14  1.23023e-20  3 
1.79364e-14  1.19247e-20  3 
1.56022e-14  1.71561e-20  4 
1.56509e-14  1.39705e-20  4 
1.5778e-14  1.38257e-20  4 
1.59305e-14  1.35813e-20  4 
1.59538e-14  1.32535e-20  4 
1.73772e-14  1.21298e-20  4 
1.61868e-14  1.26715e-20  4 
1.74937e-14  1.20936e-20  4 
1.68032e-14  1.25842e-20  4 
1.69218e-14  1.24622e-20  4 
1.57907e-14  1.38749e-20  5 
1.64495e-14  1.3231e-20  5 
1.71294e-14  1.26119e-20  5 
1.7123e-14  1.30752e-20  5 
1.74174e-14  1.2563e-20  5 
1.6155e-14  2.2658e-20  6 
1.61847e-14  1.4136e-20  6 
1.62419e-14  1.38769e-20  6 
1.65575e-14  1.34314e-20  6 
1.65638e-14  1.34157e-20  6 
1.66337e-14  1.34012e-20  6 
1.73539e-14  1.32157e-20  6 
1.74534e-14  1.324e-20  7 
1.94959e-14  1.66237e-20  8 
2.07321e-14  1.56212e-20  8 
2.1481e-14  1.46184e-20  8 
1.95537e-14  1.65765e-20  8 
1.9796e-14  1.59041e-20  8 
1.96556e-14  1.65434e-20  8 
2.12387e-14  1.54592e-20  8 
2.08037e-14  1.57889e-20  9 
1.95785e-14  2.224e-20  9 
2.1302e-14  1.54874e-20  9 
1.96335e-14  1.67758e-20  9 
2.06247e-14  1.65811e-20  9 
2.25327e-14  1.54393e-20  9 
2.2797e-14  1.48176e-20  9 
1.96473e-14  1.85155e-20  10 
1.97382e-14  1.79945e-20  10 
2.00025e-14  1.73347e-20  10 
2.0041e-14  1.68951e-20  10 
2.14534e-14  1.57346e-20  10 
2.19298e-14  1.54952e-20  10 
2.08202e-14  1.596e-20  10 
2.28163e-14  1.50268e-20  10 
1.96914e-14  1.89694e-20  11 
2.0421e-14  1.79985e-20  11 
2.09028e-14  1.64685e-20  11 
2.10322e-14  1.62639e-20  11 
2.2318e-14  1.56244e-20  11 
2.16599e-14  1.61568e-20  11 
2.02806e-14  2.23004e-20  12 
2.04843e-14  1.80578e-20  12 
2.11065e-14  1.6427e-20  12 
2.10074e-14  1.71979e-20  12 
2.15278e-14  1.64129e-20  12 
2.20261e-14  1.62564e-20  12 
2.03714e-14  2.23181e-20  13 
2.05641e-14  1.83077e-20  13 
2.11175e-14  1.71961e-20  13 
2.22271e-14  1.71929e-20  13 
2.23455e-14  1.69781e-20  13 
2.26952e-14  1.6402e-20  13 
2.2943e-14  1.6328e-20  13 
2.07018e-14  2.23056e-20  14 
2.11286e-14  1.83934e-20  14 
2.11754e-14  1.80659e-20  14 
2.12497e-14  1.71998e-20  14 
2.30944e-14  1.71556e-20  14 
2.14865e-14  1.74774e-20  15 
2.16407e-14  1.72506e-20  15 
2.16434e-14  1.74299e-20  16 
2.18334e-14  1.7879e-20  17 
2.38475e-14  2.4057e-20  18 

2.51228e-15  2.1674e-21  0 
2.52271e-15  2.46844e-21  1 
2.88916e-15  1.85455e-21  0 
2.79206e-15  1.91632e-21  0 
2.75287e-15  1.93492e-21  0 
2.72589e-15  2.05466e-21  0 
2.60578e-15  2.07235e-21  0 
2.55076e-15  2.09318e-21  0 
2.7561e-15  1.98448e-21  1 
2.61046e-15  2.08786e-21  1 
2.55723e-15  2.13122e-21  1 
2.53458e-15  2.39278e-21  1 
2.82335e-15  1.91834e-21  1 
2.92404e-15  1.85732e-21  1 
2.72302e-15  2.07616e-21  1 
2.78451e-15  2.05446e-21  2 
2.5896e-15  2.16533e-21  2 
2.65145e-15  2.09265e-21  2 
2.55831e-15  2.25028e-21  2 
2.80393e-15  2.04253e-21  2 
2.62556e-15  2.10774e-21  2 
2.87549e-15  1.93998e-21  2 
2.9841e-15  1.93203e-21  2 
3.11536e-15  1.92603e-21  2 
2.84385e-15  2.05331e-21  3 
2.6252e-15  2.51186e-21  3 
2.68202e-15  2.12413e-21  3 
2.67123e-15  2.34225e-21  3 
2.99093e-15  1.93234e-21  3 
2.81544e-15  2.0736e-21  3 
2.76473e-15  2.12399e-21  3 
2.78775e-15  2.11938e-21  3 
2.67986e-15  2.36336e-21  4 
2.91254e-15  2.06018e-21  4 
3.02258e-15  1.93322e-21  4 
2.78955e-15  2.15989e-21  4 
2.75466e-15  2.21085e-21  4 
2.99741e-15  1.9959e-21  4 
2.76258e-15  2.20594e-21  4 
2.83702e-15  2.11578e-21  4 
2.8719e-15  2.10817e-21  4 
2.68813e-15  2.37386e-21  5 
3.02797e-15  1.94058e-21  5 
2.8122e-15  2.27771e-21  5 
2.88952e-15  2.13012e-21  5 
2.97691e-15  2.08175e-21  5 
2.92512e-15  2.12498e-21  5 
2.76329e-15  2.39924e-21  6 
2.89671e-15  2.23503e-21  6 
2.94238e-15  2.1507e-21  6 
2.89923e-15  2.26545e-21  7 
2.9618e-15  2.41623e-21  8 
6.21853e-15  4.35692e-21  9 
6.212e-15  4.40289e-21  9 
6.51146e-15  4.21118e-21  9 
5.86358e-15  4.67007e-21  9 
5.72078e-15  4.84189e-21  9 
6.25117e-15  4.31684e-21  9 
6.78236e-15  4.17945e-21  9 
6.12387e-15  4.65391e-21  9 
6.14509e-15  4.65798e-21  10 
5.77382e-15  4.91435e-21  10 
5.78198e-15  4.89088e-21  10 
5.91743e-15  4.82022e-21  10 
6.36132e-15  4.50095e-21  10 
6.44782e-15  4.39649e-21  10 
6.84111e-15  4.36843e-21  10 
6.36214e-15  4.63451e-21  11 
6.43558e-15  4.53322e-21  11 
5.9974e-15  5.38839e-21  11 
6.00066e-15  4.93479e-21  11 
6.60285e-15  4.40104e-21  11 
6.25443e-15  4.70568e-21  11 
6.47964e-15  4.63226e-21  12 
6.03657e-15  5.16365e-21  12 
6.6208e-15  4.47822e-21  12 
6.30828e-15  4.7951e-21  12 
6.28054e-15  4.91605e-21  12 
6.43639e-15  4.7179e-21  12 
6.2732e-15  4.93605e-21  12 
6.43721e-15  4.69989e-21  12 
6.47964e-15  4.63417e-21  13 
6.08634e-15  5.73372e-21  13 
6.08797e-15  5.33982e-21  13 
6.33848e-15  4.81213e-21  13 
6.82643e-15  4.53518e-21  13 
6.32052e-15  5.02644e-21  13 
6.4674e-15  4.75643e-21  13 
6.11e-15  5.36432e-21  14 
6.42334e-15  5.16768e-21  14 
6.52697e-15  4.82638e-21  14 
6.69587e-15  4.80864e-21  14 
6.71872e-15  4.78478e-21  14 
6.11164e-15  5.38458e-21  15 
6.42334e-15  5.19363e-21  15 
6.55879e-15  4.84992e-21  15 
6.47801e-15  5.22935e-21  16 
6.63059e-15  4.88346e-21  16 
9.77727e-15  6.89239e-21  17 
9.70211e-15  7.37624e-21  17 

2.51228e-15  2.1674e-21  0 
2.52271e-15  2.46844e-21  1 
2.88916e-15  1.85455e-21  0 
2.79206e-15  1.91632e-21  0 
2.75287e-15  1.93492e-21  0 
2.72589e-15  2.05466e-21  0 
2.60578e-15  2.07235e-21  0 
2.55076e-15  2.09318e-21  0 
2.7561e-15  1.98448e-21  1 
2.61046e-15  2.08786e-21  1 
2.55723e-15  2.13122e-21  1 
2.53458e-15  2.39278e-21  1 
2.82335e-15  1.91834e-21  1 
2.92404e-15  1.85732e-21  1 
2.72302e-15  2.07616e-21  1 
2.78451e-15  2.05446e-21  2 
2.5896e-15  2.16533e-21  2 
2.65145e-15  2.09265e-21  2 
2.55831e-15  2.25028e-21  2 
2.80393e-15  2.04253e-21  2 
2.62556e-15  2.10774e-21  2 
2.87549e-15  1.93998e-21  2 
2.9841e-15  1.93203e-21  2 
3.11536e-15  1.92603e-21  2 
2.84385e-15  2.05331e-21  3 
2.6252e-15  2.51186e-21  3 
2.68202e-15  2.12413e-21  3 
2.67123e-15  2.34225e-21  3 
2.99093e-15  1.93234e-21  3 
2.81544e-15  2.0736e-21  3 
2.76473e-15  2.12399e-21  3 
2.78775e-15  2.11938e-21  3 
2.67986e-15  2.36336e-21  4 
2.91254e-15  2.06018e-21  4 
3.02258e-15  1.93322e-21  4 
2.78955e-15  2.15989e-21  4 
2.75466e-15  2.21085e-21  4 
2.99741e-15  1.9959e-21  4 
2.76258e-15  2.20594e-21  4 
2.83702e-15  2.11578e-21  4 
2.8719e-15  2.10817e-21  4 
2.68813e-15  2.37386e-21  5 
3.02797e-15  1.94058e-21  5 
2.8122e-15  2.27771e-21  5 
2.88952e-15  2.13012e-21  5 
2.97691e-15  2.08175e-21  5 
2.92512e-15  2.12498e-21  5 
2.76329e-15  2.39924e-21  6 
2.89671e-15  2.23503e-21  6 
2.94238e-15  2.1507e-21  6 
2.89923e-15  2.26545e-21  7 
2.9618e-15  2.41623e-21  8 
6.21853e-15  4.35692e-21  9 
6.212e-15  4.40289e-21  9 
6.51146e-15  4.21118e-21  9 
5.86358e-15  4.67007e-21  9 
5.72078e-15  4.84189e-21  9 
6.25117e-15  4.31684e-21  9 
6.78236e-15  4.17945e-21  9 
6.12387e-15  4.65391e-21  9 
6.14509e-15  4.65798e-21  10 
5.77382e-15  4.91435e-21  10 
5.78198e-15  4.89088e-21  10 
5.91743e-15  4.82022e-21  10 
6.36132e-15  4.50095e-21  10 
6.44782e-15  4.39649e-21  10 
6.84111e-15  4.36843e-21  10 
6.36214e-15  4.63451e-21  11 
6.43558e-15  4.53322e-21  11 
5.9974e-15  5.38839e-21  11 
6.00066e-15  4.93479e-21  11 
6.60285e-15  4.40104e-21  11 
6.25443e-15  4.70568e-21  11 
6.47964e-15  4.63226e-21  12 
6.03657e-15  5.16365e-21  12 
6.6208e-15  4.47822e-21  12 
6.30828e-15  4.7951e-21  12 
6.28054e-15  4.91605e-21  12 
6.43639e-15  4.7179e-21  12 
6.2732e-15  4.93605e-21  12 
6.43721e-15  4.69989e-21  12 
6.47964e-15  4.63417e-21  13 
6.08634e-15  5.73372e-21  13 
6.08797e-15  5.33982e-21  13 
6.33848e-15  4.81213e-21  13 
6.82643e-15  4.53518e-21  13 
6.32052e-15  5.02644e-21  13 
6.4674e-15  4.75643e-21  13 
6.11e-15  5.36432e-21  14 
6.42334e-15  5.16768e-21  14 
6.52697e-15  4.82638e-21  14 
6.69587e-15  4.80864e-21  14 
6.71872e-15  4.78478e-21  14 
6.11164e-15  5.38458e-21  15 
6.42334e-15  5.19363e-21  15 
6.55879e-15  4.84992e-21  15 
6.47801e-15  5.22935e-21  16 
6.63059e-15  4.88346e-21  16 
9.77727e-15  6.89239e-21  17 
9.70211e-15  7.37624e-21  17 

2.51228e-15  2.1674e-21  0 
2.52271e-15  2.46844e-21  1 
2.88916e-15  1.85455e-21  0 
2.79206e-15  1.91632e-21  0 
2.75287e-15  1.93492e-21  0 
2.72589e-15  2.05466e-21  0 
2.60578e-15  2.07235e-21  0 
2.55076e-15  2.09318e-21  0 
2.7561e-15  1.98448e-21  1 
2.61046e-15  2.08786e-21  1 
2.55723e-15  2.13122e-21  1 
2.53458e-15  2.39278e-21  1 
2.82335e-15  1.91834e-21  1 
2.92404e-15  1.85732e-21  1 
2.72302e-15  2.07616e-21  1 
2.78451e-15  2.05446e-21  2 
2.5896e-15  2.16533e-21  2 
2.65145e-15  2.09265e-21  2 
2.55831e-15  2.25028e-21  2 
2.80393e-15  2.04253e-21  2 
2.62556e-15  2.10774e-21  2 
2.87549e-15  1.93998e-21  2 
2.9841e-15  1.93203e-21  2 
3.11536e-15  1.92603e-21  2 
2.84385e-15  2.05331e-21  3 
2.6252e-15  2.51186e-21  3 
2.68202e-15  2.12413e-21  3 
2.67123e-15  2.34225e-21  3 
2.99093e-15  1.93234e-21  3 
2.81544e-15  2.0736e-21  3 
2.76473e-15  2.12399e-21  3 
2.78775e-15  2.11938e-21  3 
2.67986e-15  2.36336e-21  4 
2.91254e-15  2.06018e-21  4 
3.02258e-15  1.93322e-21  4 
2.78955e-15  2.15989e-21  4 
2.75466e-15  2.21085e-21  4 
2.99741e-15  1.9959e-21  4 
2.76258e-15  2.20594e-21  4 
2.83702e-15  2.11578e-21  4 
2.8719e-15  2.10817e-21  4 
2.68813e-15  2.37386e-21  5 
3.02797e-15  1.94058e-21  5 
2.8122e-15  2.27771e-21  5 
2.88952e-15  2.13012e-21  5 
2.97691e-15  2.08175e-21  5 
2.92512e-15  2.12498e-21  5 
2.76329e-15  2.39924e-21  6 
2.89671e-15  2.23503e-21  6 
2.94238e-15  2.1507e-21  6 
2.89923e-15  2.26545e-21  7 
2.9618e-15  2.41623e-21  8 
6.21853e-15  4.35692e-21  9 
6.212e-15  4.40289e-21  9 
6.51146e-15  4.21118e-21  9 
5.86358e-15  4.67007e-21  9 
5.72078e-15  4.84189e-21  9 
6.25117e-15  4.31684e-21  9 
6.78236e-15  4.17945e-21  9 
6.12387e-15  4.65391e-21  9 
6.14509e-15  4.65798e-21  10 
5.77382e-15  4.91435e-21  10 
5.78198e-15  4.89088e-21  10 
5.91743e-15  4.82022e-21  10 
6.36132e-15  4.50095e-21  10 
6.44782e-15  4.39649e-21  10 
6.84111e-15  4.36843e-21  10 
6.36214e-15  4.63451e-21  11 
6.43558e-15  4.53322e-21  11 
5.9974e-15  5.38839e-21  11 
6.00066e-15  4.93479e-21  11 
6.60285e-15  4.40104e-21  11 
6.25443e-15  4.70568e-21  11 
6.47964e-15  4.63226e-21  12 
6.03657e-15  5.16365e-21  12 
6.6208e-15  4.47822e-21  12 
6.30828e-15  4.7951e-21  12 
6.28054e-15  4.91605e-21  12 
6.43639e-15  4.7179e-21  12 
6.2732e-15  4.93605e-21  12 
6.43721e-15  4.69989e-21  12 
6.47964e-15  4.63417e-21  13 
6.08634e-15  5.73372e-21  13 
6.08797e-15  5.33982e-21  13 
6.33848e-15  4.81213e-21  13 
6.82643e-15  4.53518e-21  13 
6.32052e-15  5.02644e-21  13 
6.4674e-15  4.75643e-21  13 
6.11e-15  5.36432e-21  14 
6.42334e-15  5.16768e-21  14 
6.52697e-15  4.82638e-21  14 
6.69587e-15  4.80864e-21  14 
6.71872e-15  4.78478e-21  14 
6.11164e-15  5.38458e-21  15 
6.42334e-15  5.19363e-21  15 
6.55879e-15  4.84992e-21  15 
6.47801e-15  5.22935e-21  16 
6.63059e-15  4.88346e-21  16 
9.77727e-15  6.89239e-21  17 
9.70211e-15  7.37624e-21  17 

1.89987e-16  1.65803e-22  0 
1.92124e-16  1.82028e-22  1 
2.17445e-16  1.36357e-22  0 
2.12814e-16  1.39947e-22  0 
2.10347e-16  1.42195e-22  0 
2.01989e-16  1.4479e-22  0 
1.94755e-16  1.59877e-22  0 
2.17965e-16  1.38431e-22  1 
1.9555e-16  1.61185e-22  1 
2.04346e-16  1.55763e-22  1 
2.07881e-16  1.4645e-22  1 
2.10156e-16  1.46289e-22  1 
2.26049e-16  1.37326e-22  1 
1.99797e-16  1.65726e-22  2 
1.95632e-16  1.73327e-22  2 
2.08128e-16  1.5619e-22  2 
2.08895e-16  1.51179e-22  2 
2.09279e-16  1.47696e-22  2 
2.21446e-16  1.4155e-22  2 
2.26132e-16  1.37336e-22  2 
2.04182e-16  1.64029e-22  2 
2.12183e-16  1.46872e-22  2 
2.03287e-16  1.68369e-22  3 
2.20536e-16  1.47453e-22  3 
2.01489e-16  1.70793e-22  3 
1.96015e-16  1.9694e-22  3 
2.08155e-16  1.58846e-22  3 
2.10457e-16  1.48248e-22  3 
2.22076e-16  1.42053e-22  3 
2.2087e-16  1.47409e-22  3 
2.10841e-16  1.57875e-22  4 
2.12868e-16  1.53451e-22  4 
2.13417e-16  1.49954e-22  4 
2.01798e-16  1.79023e-22  4 
2.22268e-16  1.43101e-22  4 
2.1528e-16  1.48475e-22  4 
2.11868e-16  1.6719e-22  5 
2.03635e-16  1.92755e-22  5 
2.1842e-16  1.54948e-22  5 
2.13444e-16  1.59474e-22  5 
2.22295e-16  1.43216e-22  5 
2.04072e-16  1.92277e-22  5 
2.17171e-16  1.56558e-22  5 
2.23957e-16  1.46969e-22  6 
2.13926e-16  1.6726e-22  6 
2.23812e-16  1.5039e-22  6 
2.10592e-16  1.92426e-22  6 
2.13115e-16  1.68601e-22  6 
2.23696e-16  1.56454e-22  6 
2.17637e-16  1.57361e-22  6 
2.15225e-16  1.62158e-22  6 
2.16075e-16  1.61845e-22  6 
2.12759e-16  1.6967e-22  6 
2.18507e-16  1.68128e-22  7 
2.21377e-16  1.61658e-22  7 
2.20623e-16  1.67404e-22  7 
2.2416e-16  1.58929e-22  7 
2.25175e-16  1.55688e-22  7 
2.13376e-16  1.88347e-22  7 
2.16652e-16  1.7287e-22  7 
2.22597e-16  1.59067e-22  7 
2.13499e-16  1.79118e-22  7 
2.26789e-16  1.47908e-22  7 
2.20971e-16  1.6797e-22  8 
2.29727e-16  1.50785e-22  8 
2.23146e-16  1.63248e-22  8 
2.31611e-16  1.50161e-22  8 
2.32423e-16  1.49812e-22  8 
2.32568e-16  1.49372e-22  8 
2.27407e-16  1.55118e-22  8 
2.16391e-16  1.93846e-22  8 
2.36192e-16  1.48197e-22  8 
2.20073e-16  1.69572e-22  8 
2.23725e-16  1.6633e-22  9 
2.35061e-16  1.51375e-22  9 
2.31698e-16  1.54448e-22  9 
2.19116e-16  2.06936e-22  9 
2.39497e-16  1.48264e-22  9 
2.21e-16  1.83458e-22  9 
2.22276e-16  1.70986e-22  9 
2.22073e-16  1.78233e-22  9 
2.39526e-16  1.49235e-22  10 
2.3193e-16  1.67903e-22  10 
2.32104e-16  1.67518e-22  10 
2.23638e-16  1.71629e-22  10 
2.37351e-16  1.65003e-22  10 
2.37873e-16  1.62124e-22  10 
2.25117e-16  1.78277e-22  11 
2.48136e-16  1.49256e-22  11 
2.31002e-16  1.73287e-22  11 
2.45179e-16  1.56477e-22  11 
4.54072e-16  4.17784e-22  12 
4.59512e-16  3.95959e-22  12 
5.31037e-16  3.23063e-22  12 
4.78384e-16  3.85976e-22  12 
5.18814e-16  3.40465e-22  12 
4.98599e-16  3.58995e-22  12 
4.99472e-16  3.57878e-22  12 
4.59713e-16  4.12026e-22  13 
5.36007e-16  3.23399e-22  13 

