5.0549e+12  5.0549e+12  5.0549e+12  5.0549e+12  0 
3.59354e+12  3.59354e+12  3.59354e+12  3.59354e+12  0 
3.53117e+11  3.53115e+11  3.53117e+11  3.53115e+11  0 
1.1344e+19  1.1344e+19  1.1344e+19  1.1344e+19  0 
2.47418e+12  2.47418e+12  2.47418e+12  2.47418e+12  0 
2.23533e+12  2.23533e+12  2.23533e+12  2.23533e+12  0 
2.03135e+12  2.03135e+12  2.03135e+12  2.03135e+12  0 
1.0811e+12  1.0811e+12  1.0811e+12  1.0811e+12  0 
1.08199e+20  1.08199e+20  1.08199e+20  1.08199e+20  0 
2.79335e+12  2.79335e+12  2.79335e+12  2.79335e+12  0 
6.12983e+12  6.12983e+12  6.12983e+12  6.12983e+12  0 
7.93562e+12  7.93561e+12  7.93562e+12  7.93561e+12  0 
2.79871e+12  2.79871e+12  2.79871e+12  2.79871e+12  0 
2.24829e+19  2.24829e+19  2.24829e+19  2.24829e+19  0 
1.8915e+12  1.89149e+12  1.8915e+12  1.89149e+12  0 
3.32173e+12  3.32172e+12  3.32173e+12  3.32172e+12  0 
6.03305e+12  6.03305e+12  6.03305e+12  6.03305e+12  0 
2.68968e+12  2.68968e+12  2.68968e+12  2.68968e+12  0 
2.22366e+12  2.22365e+12  2.22366e+12  2.22365e+12  0 
2.53978e+12  2.53978e+12  2.53978e+12  2.53978e+12  0 
3.87934e+12  3.87934e+12  3.87934e+12  3.87934e+12  0 
2.20301e+18  2.20301e+18  2.20301e+18  2.20301e+18  0 
1.82783e+12  1.82782e+12  1.82783e+12  1.82782e+12  0 
2.0089e+12  2.0089e+12  2.0089e+12  2.0089e+12  0 
1.63703e+19  1.63703e+19  1.63703e+19  1.63703e+19  0 
3.86514e+12  3.86514e+12  3.86514e+12  3.86514e+12  0 
3.41023e+12  3.41023e+12  3.41023e+12  3.41023e+12  0 
3.59794e+12  3.59794e+12  3.59794e+12  3.59794e+12  0 
1.58111e+12  1.58111e+12  1.58111e+12  1.58111e+12  0 
3.0897e+12  3.0897e+12  3.0897e+12  3.0897e+12  0 
3.69165e+12  3.69165e+12  3.69165e+12  3.69165e+12  0 
3.33948e+12  3.33948e+12  3.33948e+12  3.33948e+12  0 
2.46799e+12  2.46799e+12  2.46799e+12  2.46799e+12  0 
3.02297e+12  3.02297e+12  3.02297e+12  3.02297e+12  0 
3.55945e+12  3.55945e+12  3.55945e+12  3.55945e+12  0 
2.05216e+12  2.05215e+12  2.05216e+12  2.05215e+12  0 
1.22427e+12  1.22426e+12  1.22427e+12  1.22426e+12  0 
5.06833e+18  5.06833e+18  5.06833e+18  5.06833e+18  0 
5.80962e+12  5.80962e+12  5.80962e+12  5.80962e+12  0 
6.94341e+18  6.94341e+18  6.94341e+18  6.94341e+18  0 
3.97198e+12  3.97198e+12  3.97198e+12  3.97198e+12  0 
2.40382e+12  2.40382e+12  2.40382e+12  2.40382e+12  0 
3.77421e+12  3.77421e+12  3.77421e+12  3.77421e+12  0 
7.17445e+12  7.17444e+12  7.17445e+12  7.17444e+12  0 
1.55595e+12  1.55595e+12  1.55595e+12  1.55595e+12  0 
2.80251e+12  2.80251e+12  2.80251e+12  2.80251e+12  0 
2.24562e+17  2.24562e+17  2.24562e+17  2.24562e+17  0 
2.23094e+12  2.23094e+12  2.23094e+12  2.23094e+12  0 
2.43907e+12  2.43907e+12  2.43907e+12  2.43907e+12  0 
2.29546e+12  2.29546e+12  2.29546e+12  2.29546e+12  0 
4.42025e+12  4.42024e+12  4.42025e+12  4.42024e+12  0 
2.72741e+12  2.72741e+12  2.72741e+12  2.72741e+12  0 
4.13626e+12  4.13626e+12  4.13626e+12  4.13626e+12  0 
1.95694e+12  1.95694e+12  1.95694e+12  1.95694e+12  0 
2.66188e+12  2.66188e+12  2.66188e+12  2.66188e+12  0 
6.75176e+12  6.75176e+12  6.75176e+12  6.75176e+12  0 
7.52518e+12  7.52518e+12  7.52518e+12  7.52518e+12  0 
3.27092e+12  3.27092e+12  3.27092e+12  3.27092e+12  0 
1.81126e+12  1.81126e+12  1.81126e+12  1.81126e+12  0 
3.76232e+12  3.76232e+12  3.76232e+12  3.76232e+12  0 
3.49199e+17  3.49199e+17  3.49199e+17  3.49199e+17  0 
2.68588e+12  2.68588e+12  2.68588e+12  2.68588e+12  0 
9.2947e+17  9.2947e+17  9.2947e+17  9.2947e+17  0 
4.64925e+12  4.64925e+12  4.64925e+12  4.64925e+12  0 
3.64448e+12  3.64447e+12  3.64448e+12  3.64447e+12  0 
5.25181e+12  5.25181e+12  5.25181e+12  5.25181e+12  0 
5.54669e+12  5.54669e+12  5.54669e+12  5.54669e+12  0 
1.77722e+12  1.77722e+12  1.77722e+12  1.77722e+12  0 
2.16136e+12  2.16136e+12  2.16136e+12  2.16136e+12  0 
2.57656e+12  2.57656e+12  2.57656e+12  2.57656e+12  0 
1.89331e+12  1.89331e+12  1.89331e+12  1.89331e+12  0 
4.80071e+12  4.80071e+12  4.80071e+12  4.80071e+12  0 
5.84123e+12  5.84123e+12  5.84123e+12  5.84123e+12  0 
4.47386e+12  4.47386e+12  4.47386e+12  4.47386e+12  0 
6.35898e+12  6.35898e+12  6.35898e+12  6.35898e+12  0 
4.56106e+19  4.56106e+19  4.56106e+19  4.56106e+19  0 
2.94872e+12  2.94872e+12  2.94872e+12  2.94872e+12  0 
1.43171e+18  1.43171e+18  1.43171e+18  1.43171e+18  0 
3.31025e+12  3.31024e+12  3.31025e+12  3.31024e+12  0 
3.81024e+18  3.81024e+18  3.81024e+18  3.81024e+18  0 
9.40228e+11  9.40226e+11  9.40228e+11  9.40226e+11  0 
2.89228e+12  2.89228e+12  2.89228e+12  2.89228e+12  0 
8.16387e+11  8.16385e+11  8.16387e+11  8.16385e+11  0 
2.09384e+12  2.09384e+12  2.09384e+12  2.09384e+12  0 
6.74908e+11  6.74906e+11  6.74908e+11  6.74906e+11  0 
2.25513e+12  2.25513e+12  2.25513e+12  2.25513e+12  0 
7.48408e+18  7.48408e+18  7.48408e+18  7.48408e+18  0 
2.6528e+12  2.65279e+12  2.6528e+12  2.65279e+12  0 
4.07669e+18  4.07669e+18  4.07669e+18  4.07669e+18  0 
7.3943e+18  7.3943e+18  7.3943e+18  7.3943e+18  0 
4.38115e+12  4.38114e+12  4.38115e+12  4.38114e+12  0 
2.75825e+12  2.75825e+12  2.75825e+12  2.75825e+12  0 
6.35823e+12  6.35823e+12  6.35823e+12  6.35823e+12  0 
7.3725e+12  7.3725e+12  7.3725e+12  7.3725e+12  0 
2.22709e+12  2.22708e+12  2.22709e+12  2.22708e+12  0 
1.46632e+18  1.46632e+18  1.46632e+18  1.46632e+18  0 
1.81884e+12  1.81884e+12  1.81884e+12  1.81884e+12  0 
2.46238e+12  2.46237e+12  2.46238e+12  2.46237e+12  0 
6.05209e+12  6.05209e+12  6.05209e+12  6.05209e+12  0 
3.31247e+12  3.31247e+12  3.31247e+12  3.31247e+12  0 

8.69249e-12  7.93941e-18  1.81656e+06  1.65918  0 
8.70857e-12  8.00383e-18  1.81992e+06  1.67264  1 
9.64569e-12  7.25968e-18  2.01576e+06  1.51713  0 
9.57564e-12  7.26521e-18  2.00112e+06  1.51829  0 
9.09215e-12  7.29072e-18  1.90008e+06  1.52362  0 
8.98879e-12  7.34817e-18  1.87848e+06  1.53562  0 
8.87394e-12  7.88626e-18  1.85448e+06  1.64807  0 
8.79585e-12  7.97276e-18  1.83816e+06  1.66615  1 
9.15761e-12  7.74656e-18  1.91376e+06  1.61888  1 
9.05425e-12  7.91009e-18  1.89216e+06  1.65305  1 
9.18746e-12  7.4989e-18  1.92e+06  1.56712  1 
8.91988e-12  7.96217e-18  1.86408e+06  1.66394  1 
9.4539e-12  7.40533e-18  1.97568e+06  1.54757  1 
8.91758e-12  7.98097e-18  1.8636e+06  1.66787  2 
9.27015e-12  7.81326e-18  1.93728e+06  1.63282  2 
9.18057e-12  7.93384e-18  1.91856e+06  1.65802  2 
9.36547e-12  7.55482e-18  1.9572e+06  1.57881  2 
9.11052e-12  7.94453e-18  1.90392e+06  1.66025  2 
9.61468e-12  7.44632e-18  2.00928e+06  1.55613  2 
8.92562e-12  8.11664e-18  1.86528e+06  1.69622  3 
9.38729e-12  7.59946e-18  1.96176e+06  1.58814  3 
9.31035e-12  7.91226e-18  1.94568e+06  1.65351  3 
9.4539e-12  7.5956e-18  1.97568e+06  1.58733  3 
9.81681e-12  7.48021e-18  2.05152e+06  1.56322  3 
9.03128e-12  8.13057e-18  1.88736e+06  1.69913  4 
9.43438e-12  7.61922e-18  1.9716e+06  1.59227  4 
9.40337e-12  7.93476e-18  1.96512e+06  1.65821  4 
9.40911e-12  7.91737e-18  1.96632e+06  1.65457  4 
9.42978e-12  7.91504e-18  1.97064e+06  1.65409  4 
9.86504e-12  7.60591e-18  2.0616e+06  1.58948  4 
9.88916e-12  7.55009e-18  2.06664e+06  1.57782  4 
9.05654e-12  8.13254e-18  1.89264e+06  1.69954  5 
9.40337e-12  7.98862e-18  1.96512e+06  1.66946  5 
9.40682e-12  7.97426e-18  1.96584e+06  1.66646  5 
9.06573e-12  8.59626e-18  1.89456e+06  1.79645  6 
9.13119e-12  8.16945e-18  1.90824e+06  1.70725  6 
9.19665e-12  8.14665e-18  1.92192e+06  1.70249  6 
9.18172e-12  8.40328e-18  1.9188e+06  1.75612  7 
9.28623e-12  8.17465e-18  1.94064e+06  1.70834  7 
9.36547e-12  8.19622e-18  1.9572e+06  1.71285  8 
9.45275e-12  8.44928e-18  1.97544e+06  1.76573  9 
9.55611e-12  8.38458e-18  1.99704e+06  1.75221  9 
9.5297e-12  8.51172e-18  1.99152e+06  1.77878  10 
9.57219e-12  8.46128e-18  2.0004e+06  1.76824  10 
9.64914e-12  8.54034e-18  2.01648e+06  1.78476  11 
1.92418e-11  1.81746e-17  1.77144e+06  1.67319  12 
2.27716e-11  1.56336e-17  2.0964e+06  1.43926  12 
2.04749e-11  1.62434e-17  1.88496e+06  1.4954  12 
1.99743e-11  1.76903e-17  1.83888e+06  1.62861  12 
1.98753e-11  1.79418e-17  1.82976e+06  1.65176  12 
2.01803e-11  1.7864e-17  1.85784e+06  1.64459  13 
1.99665e-11  1.81294e-17  1.83816e+06  1.66903  13 
2.06495e-11  1.73312e-17  1.90104e+06  1.59554  13 
2.00552e-11  1.81175e-17  1.84632e+06  1.66794  13 
2.07981e-11  1.71852e-17  1.91472e+06  1.58211  13 
2.08894e-11  1.64959e-17  1.92312e+06  1.51864  13 
2.17407e-11  1.70259e-17  1.91592e+06  1.50043  14 
2.0209e-11  1.80596e-17  1.86048e+06  1.6626  14 
2.03862e-11  1.797e-17  1.8768e+06  1.65436  14 
2.10171e-11  1.73463e-17  1.93488e+06  1.59694  14 
2.01438e-11  1.86428e-17  1.85448e+06  1.7163  14 
2.01594e-11  1.8349e-17  1.85592e+06  1.68924  14 
2.13221e-11  1.72479e-17  1.96296e+06  1.58788  14 
2.17705e-11  1.67704e-17  2.00424e+06  1.54392  14 
2.24979e-11  1.67109e-17  2.0712e+06  1.53844  14 
2.33393e-11  1.67593e-17  2.0568e+06  1.47693  15 
2.15609e-11  1.72891e-17  1.90008e+06  1.52362  15 
2.16263e-11  1.72878e-17  1.90584e+06  1.52351  15 
2.05844e-11  1.80181e-17  1.89504e+06  1.65878  15 
2.04436e-11  1.80549e-17  1.88208e+06  1.66217  15 
2.12987e-11  1.74724e-17  1.9608e+06  1.60854  15 
2.13482e-11  1.73164e-17  1.96536e+06  1.59419  15 
2.0295e-11  1.83566e-17  1.8684e+06  1.68995  15 
2.0978e-11  1.79824e-17  1.93128e+06  1.6555  15 
2.11761e-11  1.79618e-17  1.94952e+06  1.6536  15 
2.17809e-11  1.68795e-17  2.0052e+06  1.55396  15 
2.17836e-11  1.67758e-17  2.00544e+06  1.54442  15 
2.03191e-11  1.89216e-17  1.79064e+06  1.66749  16 
2.15446e-11  1.74341e-17  1.89864e+06  1.5364  16 
2.0673e-11  1.80821e-17  1.9032e+06  1.66468  16 
2.06965e-11  1.80499e-17  1.90536e+06  1.66171  16 
2.05322e-11  1.84482e-17  1.89024e+06  1.69838  16 
2.11761e-11  1.79817e-17  1.94952e+06  1.65544  16 
2.19426e-11  1.68249e-17  2.02008e+06  1.54893  16 
2.08066e-11  1.87224e-17  1.8336e+06  1.64993  17 
2.03572e-11  1.89805e-17  1.794e+06  1.67267  17 
2.08011e-11  1.88935e-17  1.83312e+06  1.66501  17 
2.16426e-11  1.79111e-17  1.90728e+06  1.57843  17 
2.17597e-11  1.78945e-17  1.9176e+06  1.57697  17 
2.29853e-11  1.71159e-17  2.0256e+06  1.50836  17 
2.0832e-11  1.82478e-17  1.91784e+06  1.67993  17 
2.21694e-11  1.73185e-17  2.04096e+06  1.59437  17 
2.15124e-11  1.8134e-17  1.98048e+06  1.66945  17 
2.23597e-11  1.71734e-17  2.05848e+06  1.58102  17 
2.10217e-11  1.86979e-17  1.85256e+06  1.64777  18 
2.14901e-11  1.83638e-17  1.89384e+06  1.61833  18 
2.1678e-11  1.8253e-17  1.9104e+06  1.60856  18 
2.20348e-11  1.79875e-17  1.94184e+06  1.58517  18 
2.20675e-11  1.79701e-17  1.94472e+06  1.58363  18 
2.09155e-11  1.94901e-17  1.8432e+06  1.71758  18 

1.07205e-13  9.98837e-20  1.77936e+06  1.65784  0 
1.10068e-13  9.96216e-20  1.82688e+06  1.65349  0 
1.15809e-13  9.06157e-20  1.92216e+06  1.50401  0 
1.12656e-13  9.09367e-20  1.86984e+06  1.50934  0 
1.12584e-13  9.72014e-20  1.86864e+06  1.61332  0 
1.12049e-13  9.75097e-20  1.85976e+06  1.61844  0 
1.11037e-13  9.7708e-20  1.84296e+06  1.62173  0 
1.13119e-13  9.31831e-20  1.87752e+06  1.54663  1 
1.13163e-13  9.20257e-20  1.87824e+06  1.52742  1 
1.12237e-13  9.95957e-20  1.86288e+06  1.65306  1 
1.10184e-13  9.98941e-20  1.8288e+06  1.65801  1 
1.16806e-13  9.14043e-20  1.93872e+06  1.5171  1 
1.17949e-13  9.13067e-20  1.95768e+06  1.51548  1 
1.19221e-13  9.09388e-20  1.9788e+06  1.50938  1 
1.13206e-13  9.43512e-20  1.87896e+06  1.56601  2 
1.13307e-13  9.43358e-20  1.88064e+06  1.56576  2 
1.14912e-13  9.25132e-20  1.90728e+06  1.53551  2 
1.11427e-13  1.01739e-19  1.84944e+06  1.68864  2 
1.19091e-13  9.13675e-20  1.97664e+06  1.51649  2 
1.19279e-13  9.13293e-20  1.97976e+06  1.51586  2 
1.13683e-13  9.50639e-20  1.88688e+06  1.57784  3 
1.1578e-13  9.30451e-20  1.92168e+06  1.54434  3 
1.17703e-13  9.26276e-20  1.9536e+06  1.53741  3 
1.22012e-13  9.15564e-20  2.02512e+06  1.51963  3 
1.14218e-13  9.70806e-20  1.89576e+06  1.61132  4 
1.1578e-13  9.43484e-20  1.92168e+06  1.56597  4 
1.16214e-13  9.4134e-20  1.92888e+06  1.56241  4 
1.16951e-13  9.34085e-20  1.94112e+06  1.55037  4 
1.18223e-13  9.30088e-20  1.96224e+06  1.54373  4 
1.1925e-13  9.29099e-20  1.97928e+06  1.54209  4 
1.19915e-13  9.28069e-20  1.99032e+06  1.54038  4 
1.15924e-13  9.70722e-20  1.92408e+06  1.61118  5 
1.16503e-13  9.66878e-20  1.93368e+06  1.6048  5 
1.16734e-13  9.55283e-20  1.93752e+06  1.58555  5 
1.17486e-13  9.38821e-20  1.95e+06  1.55823  5 
1.19554e-13  9.33014e-20  1.98432e+06  1.54859  5 
1.19641e-13  9.30012e-20  1.98576e+06  1.54361  5 
1.20392e-13  9.29911e-20  1.99824e+06  1.54344  5 
1.15346e-13  1.0186e-19  1.91448e+06  1.69065  5 
1.18093e-13  9.56158e-20  1.96008e+06  1.587  6 
1.15447e-13  1.02995e-19  1.91616e+06  1.70948  6 
1.16532e-13  1.02204e-19  1.93416e+06  1.69636  6 
1.22214e-13  9.35825e-20  2.02848e+06  1.55326  6 
1.1779e-13  1.01033e-19  1.95504e+06  1.67691  6 
1.23834e-13  9.34737e-20  2.05536e+06  1.55145  6 
1.23848e-13  9.30566e-20  2.0556e+06  1.54453  6 
1.20248e-13  9.56283e-20  1.99584e+06  1.58721  7 
1.18354e-13  1.00566e-19  1.9644e+06  1.66916  7 
1.24542e-13  9.39869e-20  2.06712e+06  1.55997  7 
1.21694e-13  9.71839e-20  2.01984e+06  1.61303  8 
1.21665e-13  9.99194e-20  2.01936e+06  1.65843  8 
1.50427e-13  9.90233e-20  2.046e+06  1.34684  9 
1.45323e-13  1.05154e-19  1.92888e+06  1.39571  9 
1.42734e-13  1.09548e-19  1.94136e+06  1.48999  9 
1.24051e-13  1.09714e-19  2.05896e+06  1.821  9 
1.28635e-13  1.21913e-19  1.7496e+06  1.65818  10 
1.32323e-13  1.11085e-19  1.79976e+06  1.5109  10 
1.40687e-13  1.10638e-19  1.91352e+06  1.50482  10 
1.38887e-13  1.1096e-19  1.88904e+06  1.5092  10 
1.54152e-13  1.00831e-19  2.06112e+06  1.34818  10 
1.43081e-13  1.11004e-19  1.89912e+06  1.47336  11 
1.31213e-13  1.23978e-19  1.7544e+06  1.65767  11 
1.35199e-13  1.12762e-19  1.83888e+06  1.5337  11 
1.31617e-13  1.21945e-19  1.79016e+06  1.6586  11 
1.39046e-13  1.11497e-19  1.8912e+06  1.51649  11 
1.41199e-13  1.11376e-19  1.92048e+06  1.51485  11 
1.41922e-13  1.11322e-19  1.93032e+06  1.51412  11 
1.41435e-13  1.12417e-19  1.87728e+06  1.49211  12 
1.36011e-13  1.15538e-19  1.80528e+06  1.53354  12 
1.32218e-13  1.25699e-19  1.76784e+06  1.68068  12 
1.35499e-13  1.19234e-19  1.84296e+06  1.62173  12 
1.32094e-13  1.29345e-19  1.79664e+06  1.75926  12 
1.36505e-13  1.13445e-19  1.85664e+06  1.54299  12 
1.33576e-13  1.22659e-19  1.8168e+06  1.66831  12 
1.39381e-13  1.12956e-19  1.89576e+06  1.53635  12 
1.40228e-13  1.12895e-19  1.90728e+06  1.53551  12 
1.45963e-13  1.11005e-19  1.98528e+06  1.50981  12 
1.44587e-13  1.11291e-19  1.96656e+06  1.5137  12 
1.34872e-13  1.26936e-19  1.79016e+06  1.68482  13 
1.38958e-13  1.14435e-19  1.8444e+06  1.5189  13 
1.44244e-13  1.12426e-19  1.92864e+06  1.5032  13 
1.36734e-13  1.21882e-19  1.85976e+06  1.65775  13 
1.35682e-13  1.24636e-19  1.81416e+06  1.66647  13 
1.37158e-13  1.16389e-19  1.86552e+06  1.58304  13 
1.39522e-13  1.13133e-19  1.89768e+06  1.53876  13 
1.41587e-13  1.12943e-19  1.92576e+06  1.53616  13 
1.46139e-13  1.11367e-19  1.98768e+06  1.51473  13 
1.36336e-13  1.24914e-19  1.8096e+06  1.65799  14 
1.39523e-13  1.14805e-19  1.86552e+06  1.53502  14 
1.47402e-13  1.12888e-19  1.95648e+06  1.49837  14 
1.37172e-13  1.2452e-19  1.83408e+06  1.66491  14 
1.38534e-13  1.18282e-19  1.88424e+06  1.60878  14 
1.34987e-13  1.39772e-19  1.836e+06  1.90107  14 
1.37281e-13  1.21892e-19  1.8672e+06  1.65789  14 
1.39381e-13  1.14993e-19  1.89576e+06  1.56406  14 
1.42072e-13  1.13282e-19  1.8996e+06  1.51465  14 
1.39875e-13  1.14017e-19  1.90248e+06  1.55077  14 
1.40899e-13  1.13949e-19  1.9164e+06  1.54984  14 
1.41181e-13  1.1364e-19  1.92024e+06  1.54565  14 
1.44711e-13  1.13087e-19  1.93488e+06  1.51204  14 

2.03949e-14  1.80875e-20  1.78152e+06  1.57996  0 
2.04114e-14  1.87507e-20  1.78296e+06  1.63789  1 
2.48157e-14  1.47496e-20  2.16768e+06  1.28839  0 
2.32661e-14  1.5336e-20  2.03232e+06  1.33962  0 
2.24528e-14  1.54142e-20  1.96128e+06  1.34645  0 
2.21644e-14  1.69149e-20  1.93608e+06  1.47753  0 
2.10928e-14  1.73588e-20  1.84248e+06  1.51631  0 
2.09994e-14  1.76779e-20  1.83432e+06  1.54418  0 
2.21863e-14  1.73513e-20  1.938e+06  1.51566  1 
2.22001e-14  1.71833e-20  1.9392e+06  1.50098  1 
2.22248e-14  1.71393e-20  1.94136e+06  1.49713  1 
2.04746e-14  1.89939e-20  1.78848e+06  1.65914  2 
2.342e-14  1.53538e-20  2.04576e+06  1.34117  1 
2.23814e-14  1.70797e-20  1.95504e+06  1.49193  1 
2.07164e-14  1.89608e-20  1.8096e+06  1.65624  2 
2.14665e-14  1.76012e-20  1.87512e+06  1.53748  1 
2.16643e-14  1.74699e-20  1.8924e+06  1.52601  1 
2.10901e-14  1.89472e-20  1.84224e+06  1.65506  2 
2.06065e-14  1.99718e-20  1.8e+06  1.74456  3 
2.24666e-14  1.72949e-20  1.96248e+06  1.51072  2 
2.07247e-14  1.89681e-20  1.81032e+06  1.65689  3 
2.36425e-14  1.54126e-20  2.0652e+06  1.34631  2 
2.27935e-14  1.7089e-20  1.99104e+06  1.49275  2 
2.16423e-14  1.78871e-20  1.89048e+06  1.56246  2 
2.17028e-14  1.77704e-20  1.89576e+06  1.55226  2 
2.18676e-14  1.75957e-20  1.91016e+06  1.537  2 
2.15544e-14  1.88186e-20  1.8828e+06  1.64382  2 
2.73348e-14  1.68996e-20  2.00544e+06  1.23985  3 
2.08181e-14  2.03107e-20  1.81848e+06  1.77416  4 
2.09912e-14  1.89805e-20  1.8336e+06  1.65797  4 
2.29062e-14  1.73173e-20  2.00088e+06  1.51269  3 
2.18292e-14  1.78254e-20  1.9068e+06  1.55707  3 
2.2049e-14  1.76579e-20  1.926e+06  1.54243  3 
2.15407e-14  1.89696e-20  1.8816e+06  1.65701  4 
2.15626e-14  1.89149e-20  1.88352e+06  1.65224  3 
2.27084e-14  1.76115e-20  1.9836e+06  1.53838  3 
2.10516e-14  1.99911e-20  1.83888e+06  1.74624  5 
2.14005e-14  1.94252e-20  1.86936e+06  1.69681  5 
2.22385e-14  1.7795e-20  1.94256e+06  1.55441  4 
2.2332e-14  1.77839e-20  1.95072e+06  1.55344  4 
2.23869e-14  1.77345e-20  1.95552e+06  1.54913  4 
2.19116e-14  1.81401e-20  1.914e+06  1.58456  4 
2.25243e-14  1.77336e-20  1.96752e+06  1.54904  4 
2.92321e-14  1.75682e-20  2.14464e+06  1.28891  4 
2.27853e-14  1.76344e-20  1.99032e+06  1.54038  4 
2.25133e-14  1.78158e-20  1.96656e+06  1.55623  5 
2.20957e-14  2.08849e-20  1.93008e+06  1.82432  6 
2.24721e-14  1.91214e-20  1.96296e+06  1.67028  5 
2.24886e-14  1.91087e-20  1.9644e+06  1.66916  5 
2.60557e-14  1.83004e-20  1.9116e+06  1.34262  6 
2.94677e-14  1.80718e-20  2.16192e+06  1.32585  6 
2.256e-14  1.83092e-20  1.97064e+06  1.59932  6 
2.36121e-14  2.41684e-20  1.73232e+06  1.77313  7 
2.40701e-14  2.15296e-20  1.76592e+06  1.57954  7 
2.47276e-14  2.1033e-20  1.81416e+06  1.5431  7 
2.59249e-14  2.03241e-20  1.902e+06  1.49109  7 
2.5058e-14  2.08166e-20  1.8384e+06  1.52723  7 
2.58693e-14  2.05834e-20  1.89792e+06  1.51012  7 
2.61571e-14  2.0217e-20  1.91904e+06  1.48323  7 
2.66249e-14  1.98843e-20  1.95336e+06  1.45883  7 
2.8012e-14  1.96714e-20  2.05512e+06  1.44321  7 
2.82344e-14  1.87423e-20  2.07144e+06  1.37504  7 
2.85157e-14  1.83356e-20  2.09208e+06  1.34521  7 
2.43154e-14  2.40511e-20  1.78392e+06  1.76453  8 
2.53786e-14  2.09801e-20  1.86192e+06  1.53922  8 
2.53917e-14  2.08661e-20  1.86288e+06  1.53086  8 
2.45084e-14  2.39635e-20  1.79808e+06  1.7581  8 
2.65039e-14  2.0316e-20  1.94448e+06  1.4905  8 
2.63796e-14  2.0327e-20  1.93536e+06  1.4913  8 
2.45902e-14  2.25538e-20  1.80408e+06  1.65468  8 
2.55847e-14  2.08166e-20  1.87704e+06  1.52723  8 
2.59118e-14  2.08053e-20  1.90104e+06  1.5264  8 
2.49926e-14  2.25308e-20  1.8336e+06  1.65299  8 
2.52935e-14  2.17205e-20  1.85568e+06  1.59354  8 
2.78026e-14  2.01037e-20  2.03976e+06  1.47493  8 
2.64974e-14  2.04494e-20  1.944e+06  1.50028  9 
2.46753e-14  2.25839e-20  1.81032e+06  1.65689  9 
2.65562e-14  2.034e-20  1.94832e+06  1.49226  9 
2.47799e-14  2.25613e-20  1.818e+06  1.65523  9 
2.57908e-14  2.09203e-20  1.89216e+06  1.53484  9 
2.548e-14  2.10979e-20  1.86936e+06  1.54787  9 
2.61342e-14  2.09072e-20  1.91736e+06  1.53387  9 
2.8254e-14  2.01947e-20  2.07288e+06  1.4816  9 
2.66053e-14  2.05619e-20  1.95192e+06  1.50854  10 
2.50089e-14  2.28745e-20  1.8348e+06  1.67821  10 
2.61604e-14  2.09244e-20  1.91928e+06  1.53514  10 
2.4757e-14  2.42094e-20  1.81632e+06  1.77614  10 
2.59282e-14  2.11911e-20  1.90224e+06  1.5547  10 
2.5516e-14  2.25929e-20  1.872e+06  1.65755  10 
2.53361e-14  2.30209e-20  1.8588e+06  1.68895  11 
2.50089e-14  2.44306e-20  1.8348e+06  1.79237  11 
2.61702e-14  2.15866e-20  1.92e+06  1.58371  11 
2.68768e-14  2.12264e-20  1.97184e+06  1.5573  11 
2.706e-14  2.10745e-20  1.98528e+06  1.54615  11 
2.64123e-14  2.15758e-20  1.93776e+06  1.58293  11 
2.66936e-14  2.15419e-20  1.9584e+06  1.58044  11 
2.66119e-14  2.18104e-20  1.9524e+06  1.60014  12 
2.61899e-14  2.48466e-20  1.92144e+06  1.82289  12 
2.61997e-14  2.43448e-20  1.92216e+06  1.78608  12 
2.66478e-14  2.24568e-20  1.95504e+06  1.64756  13 

2.78845e-15  2.62586e-21  1.75968e+06  1.65708  0 
2.87934e-15  2.66652e-21  1.81704e+06  1.68274  1 
3.43954e-15  2.04079e-21  2.17056e+06  1.28786  0 
3.43498e-15  2.04082e-21  2.16768e+06  1.28788  0 
3.37869e-15  2.04306e-21  2.13216e+06  1.28929  0 
3.36614e-15  2.05062e-21  2.12424e+06  1.29407  0 
3.10981e-15  2.0674e-21  1.96248e+06  1.30465  0 
3.0501e-15  2.13073e-21  1.9248e+06  1.34462  0 
3.04173e-15  2.35587e-21  1.91952e+06  1.4867  0 
3.02082e-15  2.38557e-21  1.90632e+06  1.50544  0 
2.96111e-15  2.4177e-21  1.86864e+06  1.52572  0 
2.88276e-15  2.49577e-21  1.8192e+06  1.57498  0 
3.0539e-15  2.36429e-21  1.9272e+06  1.49201  1 
2.89798e-15  2.62374e-21  1.8288e+06  1.65574  1 
3.0463e-15  2.41631e-21  1.9224e+06  1.52484  1 
3.40569e-15  2.04496e-21  2.1492e+06  1.29049  1 
2.99115e-15  2.47455e-21  1.8876e+06  1.56159  1 
3.0965e-15  2.3428e-21  1.95408e+06  1.47845  1 
3.08813e-15  2.36418e-21  1.9488e+06  1.49194  1 
2.94323e-15  2.51626e-21  1.85736e+06  1.58791  1 
3.025e-15  2.43109e-21  1.90896e+06  1.53417  1 
3.21858e-15  2.11999e-21  2.03112e+06  1.33784  1 
3.06988e-15  2.36838e-21  1.93728e+06  1.49459  2 
3.00408e-15  2.47981e-21  1.89576e+06  1.56491  2 
2.94704e-15  2.55868e-21  1.85976e+06  1.61468  2 
3.03109e-15  2.4627e-21  1.9128e+06  1.55411  2 
2.90102e-15  2.834e-21  1.83072e+06  1.78843  2 
2.94437e-15  2.651e-21  1.85808e+06  1.67294  2 
3.2452e-15  2.13528e-21  2.04792e+06  1.34749  2 
3.2935e-15  2.13335e-21  2.0784e+06  1.34627  2 
3.07596e-15  2.37152e-21  1.94112e+06  1.49657  3 
3.03413e-15  2.49011e-21  1.91472e+06  1.57141  3 
2.98165e-15  2.61698e-21  1.8816e+06  1.65148  3 
3.06798e-15  2.47621e-21  1.93608e+06  1.56264  3 
2.96491e-15  2.69747e-21  1.87104e+06  1.70227  3 
3.11171e-15  2.37736e-21  1.96368e+06  1.50026  4 
2.99305e-15  2.62291e-21  1.8888e+06  1.65522  4 
3.08509e-15  2.46785e-21  1.94688e+06  1.55737  4 
3.09764e-15  2.41778e-21  1.9548e+06  1.52576  4 
3.03261e-15  2.62183e-21  1.91376e+06  1.65454  4 
3.03945e-15  2.61971e-21  1.91808e+06  1.6532  4 
3.0444e-15  2.52696e-21  1.9212e+06  1.59467  4 
3.13035e-15  2.39142e-21  1.97544e+06  1.50913  5 
3.10373e-15  2.44411e-21  1.95864e+06  1.54238  5 
3.04782e-15  2.55487e-21  1.92336e+06  1.61228  5 
3.23075e-15  2.38604e-21  2.0388e+06  1.50573  5 
3.14556e-15  2.41353e-21  1.98504e+06  1.52309  6 
3.06227e-15  2.59131e-21  1.93248e+06  1.63527  6 
3.10753e-15  2.52322e-21  1.96104e+06  1.59231  6 
3.08699e-15  2.60367e-21  1.94808e+06  1.64307  7 
3.16724e-15  2.44352e-21  1.99872e+06  1.54201  7 
3.21249e-15  2.62471e-21  2.02728e+06  1.65635  8 
1.15199e-14  7.96554e-21  1.91328e+06  1.32296  9 
1.12468e-14  9.03261e-21  1.86792e+06  1.50018  9 
1.341e-14  7.64186e-21  2.2272e+06  1.2692  9 
1.27655e-14  7.75712e-21  2.12016e+06  1.28834  9 
1.2358e-14  7.7733e-21  2.05248e+06  1.29103  9 
1.1069e-14  9.55288e-21  1.8384e+06  1.58659  9 
1.09563e-14  1.01122e-20  1.81968e+06  1.67948  9 
1.28248e-14  7.76975e-21  2.13e+06  1.29044  10 
1.10763e-14  9.7669e-21  1.8396e+06  1.62213  10 
1.16471e-14  8.9207e-21  1.9344e+06  1.48159  10 
1.15011e-14  9.2498e-21  1.91016e+06  1.53625  10 
1.15257e-14  9.126e-21  1.91424e+06  1.51569  10 
1.1293e-14  9.65415e-21  1.8756e+06  1.60341  10 
1.31224e-14  7.76821e-21  2.17944e+06  1.29018  10 
1.13118e-14  9.55466e-21  1.87872e+06  1.58689  10 
1.16355e-14  9.07003e-21  1.93248e+06  1.5064  10 
1.31615e-14  7.76204e-21  2.18592e+06  1.28916  10 
1.09939e-14  1.01206e-20  1.82592e+06  1.68088  10 
1.23233e-14  8.11227e-21  2.04672e+06  1.34733  10 
1.28074e-14  7.9934e-21  2.12712e+06  1.32758  10 
1.10979e-14  9.94622e-21  1.8432e+06  1.65192  11 
1.11442e-14  9.81532e-21  1.85088e+06  1.63018  11 
1.17121e-14  8.96982e-21  1.9452e+06  1.48975  11 
1.15994e-14  9.43567e-21  1.92648e+06  1.56712  11 
1.16442e-14  9.32354e-21  1.93392e+06  1.5485  11 
1.16499e-14  9.12284e-21  1.93488e+06  1.51517  11 
1.16601e-14  9.07312e-21  1.93656e+06  1.50691  11 
1.28537e-14  7.79055e-21  2.1348e+06  1.29389  11 
1.14549e-14  9.70641e-21  1.90248e+06  1.61209  11 
1.2634e-14  8.12508e-21  2.09832e+06  1.34945  11 
1.17525e-14  9.01472e-21  1.95192e+06  1.49721  12 
1.16153e-14  9.46085e-21  1.92912e+06  1.5713  12 
1.19072e-14  8.98379e-21  1.9776e+06  1.49207  12 
1.11355e-14  1.00728e-20  1.84944e+06  1.67294  12 
1.11745e-14  9.98844e-21  1.85592e+06  1.65893  12 
1.31961e-14  8.7354e-21  2.19168e+06  1.45082  12 
1.32019e-14  7.97002e-21  2.19264e+06  1.3237  12 
1.32309e-14  8.78811e-21  1.95552e+06  1.29887  13 
1.49847e-14  8.59779e-21  2.21472e+06  1.27074  13 
1.46664e-14  8.71372e-21  2.16768e+06  1.28788  13 
1.31725e-14  9.05854e-21  1.94688e+06  1.33884  13 
1.45738e-14  8.72525e-21  2.154e+06  1.28958  13 
1.17757e-14  9.08369e-21  1.95576e+06  1.50866  13 
1.17309e-14  9.955e-21  1.94832e+06  1.65338  13 
1.30231e-14  9.09761e-21  1.9248e+06  1.34462  14 
1.18378e-14  9.18331e-21  1.96608e+06  1.52521  14 
1.37262e-14  9.05587e-21  2.02872e+06  1.33845  14 
1.48158e-14  8.96711e-21  2.18976e+06  1.32533  14 

7.49259e-16  7.45065e-22  1.74528e+06  1.73551  0 
7.57399e-16  7.09643e-22  1.76424e+06  1.653  0 
8.07164e-16  5.41303e-22  1.88016e+06  1.26088  0 
7.97067e-16  5.47809e-22  1.85664e+06  1.27603  0 
7.96655e-16  7.06976e-22  1.85568e+06  1.64679  0 
8.02013e-16  6.67416e-22  1.86816e+06  1.55464  1 
7.63581e-16  7.11535e-22  1.77864e+06  1.65741  1 
8.2231e-16  5.65841e-22  1.91544e+06  1.31804  1 
8.95464e-16  5.62617e-22  2.08584e+06  1.31053  1 
9.00616e-16  5.53995e-22  2.09784e+06  1.29044  1 
9.18234e-16  5.53089e-22  2.13888e+06  1.28833  1 
7.70999e-16  7.35169e-22  1.79592e+06  1.71246  2 
8.11595e-16  7.06027e-22  1.89048e+06  1.64458  2 
8.16025e-16  6.92513e-22  1.9008e+06  1.6131  2 
8.17261e-16  6.6993e-22  1.90368e+06  1.5605  2 
8.30759e-16  6.47142e-22  1.93512e+06  1.50741  2 
8.40753e-16  6.42013e-22  1.9584e+06  1.49547  2 
8.45905e-16  5.72596e-22  1.9704e+06  1.33377  2 
8.09122e-16  7.17793e-22  1.88472e+06  1.67198  2 
9.15349e-16  5.71809e-22  2.13216e+06  1.33194  2 
9.23489e-16  5.53375e-22  2.15112e+06  1.289  2 
8.17468e-16  6.92184e-22  1.90416e+06  1.61233  3 
8.20456e-16  6.80478e-22  1.91112e+06  1.58507  3 
8.20559e-16  6.70372e-22  1.91136e+06  1.56152  3 
8.34983e-16  6.47722e-22  1.94496e+06  1.50876  3 
8.4302e-16  6.44072e-22  1.96368e+06  1.50026  3 
8.48172e-16  6.33466e-22  1.97568e+06  1.47556  3 
8.07782e-16  7.55904e-22  1.8816e+06  1.76076  3 
8.71972e-16  5.74344e-22  2.03112e+06  1.33784  3 
9.10919e-16  5.7432e-22  2.12184e+06  1.33779  3 
8.18498e-16  6.96271e-22  1.90656e+06  1.62185  4 
8.24886e-16  6.9196e-22  1.92144e+06  1.61181  4 
8.3488e-16  6.7708e-22  1.94472e+06  1.57715  4 
8.38795e-16  6.51917e-22  1.95384e+06  1.51854  4 
8.4745e-16  6.47078e-22  1.974e+06  1.50726  4 
8.5322e-16  6.42827e-22  1.98744e+06  1.49736  4 
8.08504e-16  7.77551e-22  1.88328e+06  1.81118  4 
8.84233e-16  5.76749e-22  2.05968e+06  1.34345  4 
8.28492e-16  7.08144e-22  1.92984e+06  1.64951  5 
8.4168e-16  6.57317e-22  1.96056e+06  1.53112  5 
8.50747e-16  6.56905e-22  1.98168e+06  1.53016  5 
8.25607e-16  7.10046e-22  1.92312e+06  1.65394  5 
8.85161e-16  6.46812e-22  2.06184e+06  1.50664  5 
8.8753e-16  5.79807e-22  2.06736e+06  1.35057  5 
9.03088e-16  5.78026e-22  2.1036e+06  1.34642  5 
8.50644e-16  6.85844e-22  1.98144e+06  1.59756  6 
8.54663e-16  6.61928e-22  1.9908e+06  1.54185  6 
8.58887e-16  6.96926e-22  2.00064e+06  1.62338  7 
8.60536e-16  6.76482e-22  2.00448e+06  1.57576  7 
2.78845e-15  2.62586e-21  1.75968e+06  1.65708  8 
2.88276e-15  2.49577e-21  1.8192e+06  1.57498  8 
2.96111e-15  2.4177e-21  1.86864e+06  1.52572  8 
3.02082e-15  2.38557e-21  1.90632e+06  1.50544  8 
3.04173e-15  2.35587e-21  1.91952e+06  1.4867  8 
3.0501e-15  2.13073e-21  1.9248e+06  1.34462  8 
3.10981e-15  2.0674e-21  1.96248e+06  1.30465  8 
3.36614e-15  2.05062e-21  2.12424e+06  1.29407  8 
3.37869e-15  2.04306e-21  2.13216e+06  1.28929  8 
3.43498e-15  2.04082e-21  2.16768e+06  1.28788  8 
3.43954e-15  2.04079e-21  2.17056e+06  1.28786  8 
2.99115e-15  2.47455e-21  1.8876e+06  1.56159  9 
2.94323e-15  2.51626e-21  1.85736e+06  1.58791  9 
3.025e-15  2.43109e-21  1.90896e+06  1.53417  9 
2.87934e-15  2.66652e-21  1.81704e+06  1.68274  9 
2.89798e-15  2.62374e-21  1.8288e+06  1.65574  9 
3.0463e-15  2.41631e-21  1.9224e+06  1.52484  9 
3.0539e-15  2.36429e-21  1.9272e+06  1.49201  9 
3.08813e-15  2.36418e-21  1.9488e+06  1.49194  9 
3.0965e-15  2.3428e-21  1.95408e+06  1.47845  9 
3.21858e-15  2.11999e-21  2.03112e+06  1.33784  9 
3.40569e-15  2.04496e-21  2.1492e+06  1.29049  9 
3.00408e-15  2.47981e-21  1.89576e+06  1.56491  10 
2.94704e-15  2.55868e-21  1.85976e+06  1.61468  10 
3.03109e-15  2.4627e-21  1.9128e+06  1.55411  10 
3.06988e-15  2.36838e-21  1.93728e+06  1.49459  10 
2.90102e-15  2.834e-21  1.83072e+06  1.78843  10 
2.94437e-15  2.651e-21  1.85808e+06  1.67294  10 
3.2452e-15  2.13528e-21  2.04792e+06  1.34749  10 
3.2935e-15  2.13335e-21  2.0784e+06  1.34627  10 
3.03413e-15  2.49011e-21  1.91472e+06  1.57141  11 
2.98165e-15  2.61698e-21  1.8816e+06  1.65148  11 
3.06798e-15  2.47621e-21  1.93608e+06  1.56264  11 
3.07596e-15  2.37152e-21  1.94112e+06  1.49657  11 
2.96491e-15  2.69747e-21  1.87104e+06  1.70227  11 
3.08509e-15  2.46785e-21  1.94688e+06  1.55737  12 
3.09764e-15  2.41778e-21  1.9548e+06  1.52576  12 
3.0444e-15  2.52696e-21  1.9212e+06  1.59467  12 
3.11171e-15  2.37736e-21  1.96368e+06  1.50026  12 
2.99305e-15  2.62291e-21  1.8888e+06  1.65522  12 
3.03261e-15  2.62183e-21  1.91376e+06  1.65454  12 
3.03945e-15  2.61971e-21  1.91808e+06  1.6532  12 
3.10373e-15  2.44411e-21  1.95864e+06  1.54238  13 
3.04782e-15  2.55487e-21  1.92336e+06  1.61228  13 
3.13035e-15  2.39142e-21  1.97544e+06  1.50913  13 
3.23075e-15  2.38604e-21  2.0388e+06  1.50573  13 
3.06227e-15  2.59131e-21  1.93248e+06  1.63527  14 
3.14556e-15  2.41353e-21  1.98504e+06  1.52309  14 
3.10753e-15  2.52322e-21  1.96104e+06  1.59231  14 
3.08699e-15  2.60367e-21  1.94808e+06  1.64307  15 
3.16724e-15  2.44352e-21  1.99872e+06  1.54201  15 

7.19068e-16  6.73081e-22  1.76904e+06  1.6559  0 
7.2375e-16  6.69882e-22  1.78056e+06  1.64804  0 
8.87347e-16  5.22599e-22  2.18304e+06  1.28569  0 
8.55643e-16  5.23596e-22  2.10504e+06  1.28814  0 
8.49302e-16  5.25435e-22  2.08944e+06  1.29267  0 
8.42765e-16  5.32855e-22  2.07336e+06  1.31092  0 
7.71942e-16  5.39711e-22  1.89912e+06  1.32779  0 
7.3731e-16  6.04061e-22  1.81392e+06  1.4861  0 
8.07164e-16  5.41303e-22  1.88016e+06  1.26088  1 
7.97067e-16  5.47809e-22  1.85664e+06  1.27603  1 
7.43358e-16  6.40183e-22  1.8288e+06  1.57497  1 
7.7877e-16  5.72336e-22  1.91592e+06  1.40805  1 
8.49887e-16  5.36434e-22  2.09088e+06  1.31973  1 
8.58764e-16  5.26313e-22  2.11272e+06  1.29483  1 
8.62374e-16  5.26081e-22  2.1216e+06  1.29426  1 
7.56235e-16  6.34875e-22  1.86048e+06  1.56191  1 
7.94964e-16  5.48458e-22  1.95576e+06  1.34931  1 
7.66966e-16  6.1602e-22  1.88688e+06  1.51552  1 
8.48131e-16  5.41302e-22  2.08656e+06  1.3317  1 
7.45407e-16  6.41228e-22  1.83384e+06  1.57754  2 
8.2231e-16  5.65841e-22  1.91544e+06  1.31804  2 
7.72527e-16  6.21835e-22  1.90056e+06  1.52983  2 
7.85989e-16  6.12913e-22  1.93368e+06  1.50788  2 
8.06183e-16  6.01689e-22  1.98336e+06  1.48027  2 
7.94964e-16  6.09824e-22  1.95576e+06  1.50028  2 
8.41009e-16  5.45428e-22  2.06904e+06  1.34186  2 
8.92713e-16  5.4233e-22  2.19624e+06  1.33423  2 
7.49259e-16  7.45065e-22  1.74528e+06  1.73551  3 
7.54382e-16  6.68721e-22  1.85592e+06  1.64518  3 
7.76136e-16  6.38488e-22  1.90944e+06  1.5708  3 
8.45905e-16  5.72596e-22  1.9704e+06  1.33377  3 
7.85794e-16  6.35126e-22  1.9332e+06  1.56253  3 
7.89794e-16  6.31606e-22  1.94304e+06  1.55387  3 
8.03549e-16  6.13366e-22  1.97688e+06  1.509  3 
8.30669e-16  5.86648e-22  2.0436e+06  1.44326  3 
8.17597e-16  6.109e-22  2.01144e+06  1.50293  3 
8.48716e-16  5.45969e-22  2.088e+06  1.34319  3 
8.24425e-16  6.08919e-22  2.02824e+06  1.49805  3 
7.57399e-16  7.09643e-22  1.76424e+06  1.653  4 
7.78185e-16  6.39706e-22  1.91448e+06  1.5738  4 
7.65405e-16  6.78057e-22  1.88304e+06  1.66815  4 
8.03549e-16  6.17228e-22  1.97688e+06  1.5185  4 
8.2462e-16  6.11447e-22  2.02872e+06  1.50427  4 
8.52326e-16  5.53265e-22  2.09688e+06  1.36114  4 
9.18234e-16  5.53089e-22  2.13888e+06  1.28833  4 
7.63581e-16  7.11535e-22  1.77864e+06  1.65741  5 
7.58479e-16  7.14451e-22  1.866e+06  1.75768  5 
7.81599e-16  6.40096e-22  1.92288e+06  1.57475  5 
8.05207e-16  6.27542e-22  1.98096e+06  1.54387  5 
8.71972e-16  5.74344e-22  2.03112e+06  1.33784  5 
8.95464e-16  5.62617e-22  2.08584e+06  1.31053  5 
9.00616e-16  5.53995e-22  2.09784e+06  1.29044  5 
9.23489e-16  5.53375e-22  2.15112e+06  1.289  5 
7.70999e-16  7.35169e-22  1.79592e+06  1.71246  6 
8.48172e-16  6.33466e-22  1.97568e+06  1.47556  6 
7.9233e-16  6.56451e-22  1.94928e+06  1.61499  6 
7.92428e-16  6.44003e-22  1.94952e+06  1.58437  6 
8.84233e-16  5.76749e-22  2.05968e+06  1.34345  6 
8.3223e-16  6.35813e-22  2.04744e+06  1.56422  6 
9.10919e-16  5.7432e-22  2.12184e+06  1.33779  6 
9.15349e-16  5.71809e-22  2.13216e+06  1.33194  6 
8.40753e-16  6.42013e-22  1.9584e+06  1.49547  7 
8.01793e-16  6.4621e-22  1.97256e+06  1.5898  7 
7.92623e-16  6.7265e-22  1.95e+06  1.65484  7 
8.8753e-16  5.79807e-22  2.06736e+06  1.35057  7 
9.03088e-16  5.78026e-22  2.1036e+06  1.34642  7 
7.96655e-16  7.06976e-22  1.85568e+06  1.64679  8 
8.02013e-16  6.67416e-22  1.86816e+06  1.55464  8 
8.30759e-16  6.47142e-22  1.93512e+06  1.50741  8 
8.4302e-16  6.44072e-22  1.96368e+06  1.50026  8 
8.5322e-16  6.42827e-22  1.98744e+06  1.49736  8 
8.11595e-16  7.06027e-22  1.89048e+06  1.64458  9 
8.16025e-16  6.92513e-22  1.9008e+06  1.6131  9 
8.17261e-16  6.6993e-22  1.90368e+06  1.5605  9 
8.09122e-16  7.17793e-22  1.88472e+06  1.67198  9 
8.34983e-16  6.47722e-22  1.94496e+06  1.50876  9 
8.07782e-16  7.55904e-22  1.8816e+06  1.76076  9 
8.4745e-16  6.47078e-22  1.974e+06  1.50726  9 
8.85161e-16  6.46812e-22  2.06184e+06  1.50664  9 
8.17468e-16  6.92184e-22  1.90416e+06  1.61233  10 
8.20456e-16  6.80478e-22  1.91112e+06  1.58507  10 
8.20559e-16  6.70372e-22  1.91136e+06  1.56152  10 
8.08504e-16  7.77551e-22  1.88328e+06  1.81118  10 
8.38795e-16  6.51917e-22  1.95384e+06  1.51854  10 
8.18498e-16  6.96271e-22  1.90656e+06  1.62185  11 
8.24886e-16  6.9196e-22  1.92144e+06  1.61181  11 
8.3488e-16  6.7708e-22  1.94472e+06  1.57715  11 
8.4168e-16  6.57317e-22  1.96056e+06  1.53112  11 
8.50747e-16  6.56905e-22  1.98168e+06  1.53016  11 
8.28492e-16  7.08144e-22  1.92984e+06  1.64951  12 
8.25607e-16  7.10046e-22  1.92312e+06  1.65394  12 
8.50644e-16  6.85844e-22  1.98144e+06  1.59756  12 
8.54663e-16  6.61928e-22  1.9908e+06  1.54185  12 
8.58887e-16  6.96926e-22  2.00064e+06  1.62338  13 
8.60536e-16  6.76482e-22  2.00448e+06  1.57576  13 
2.78845e-15  2.62586e-21  1.75968e+06  1.65708  14 
2.88276e-15  2.49577e-21  1.8192e+06  1.57498  14 
2.96111e-15  2.4177e-21  1.86864e+06  1.52572  14 
3.0501e-15  2.13073e-21  1.9248e+06  1.34462  14 
3.02082e-15  2.38557e-21  1.90632e+06  1.50544  14 

7.19068e-16  6.73081e-22  1.76904e+06  1.6559  0 
7.2375e-16  6.69882e-22  1.78056e+06  1.64804  0 
8.87347e-16  5.22599e-22  2.18304e+06  1.28569  0 
8.55643e-16  5.23596e-22  2.10504e+06  1.28814  0 
8.49302e-16  5.25435e-22  2.08944e+06  1.29267  0 
8.42765e-16  5.32855e-22  2.07336e+06  1.31092  0 
7.71942e-16  5.39711e-22  1.89912e+06  1.32779  0 
7.3731e-16  6.04061e-22  1.81392e+06  1.4861  0 
8.07164e-16  5.41303e-22  1.88016e+06  1.26088  1 
7.97067e-16  5.47809e-22  1.85664e+06  1.27603  1 
7.43358e-16  6.40183e-22  1.8288e+06  1.57497  1 
7.7877e-16  5.72336e-22  1.91592e+06  1.40805  1 
8.49887e-16  5.36434e-22  2.09088e+06  1.31973  1 
8.58764e-16  5.26313e-22  2.11272e+06  1.29483  1 
8.62374e-16  5.26081e-22  2.1216e+06  1.29426  1 
7.56235e-16  6.34875e-22  1.86048e+06  1.56191  1 
7.94964e-16  5.48458e-22  1.95576e+06  1.34931  1 
7.66966e-16  6.1602e-22  1.88688e+06  1.51552  1 
8.48131e-16  5.41302e-22  2.08656e+06  1.3317  1 
7.45407e-16  6.41228e-22  1.83384e+06  1.57754  2 
8.2231e-16  5.65841e-22  1.91544e+06  1.31804  2 
7.72527e-16  6.21835e-22  1.90056e+06  1.52983  2 
7.85989e-16  6.12913e-22  1.93368e+06  1.50788  2 
8.06183e-16  6.01689e-22  1.98336e+06  1.48027  2 
7.94964e-16  6.09824e-22  1.95576e+06  1.50028  2 
8.41009e-16  5.45428e-22  2.06904e+06  1.34186  2 
8.92713e-16  5.4233e-22  2.19624e+06  1.33423  2 
7.49259e-16  7.45065e-22  1.74528e+06  1.73551  3 
7.54382e-16  6.68721e-22  1.85592e+06  1.64518  3 
7.76136e-16  6.38488e-22  1.90944e+06  1.5708  3 
8.45905e-16  5.72596e-22  1.9704e+06  1.33377  3 
7.85794e-16  6.35126e-22  1.9332e+06  1.56253  3 
7.89794e-16  6.31606e-22  1.94304e+06  1.55387  3 
8.03549e-16  6.13366e-22  1.97688e+06  1.509  3 
8.30669e-16  5.86648e-22  2.0436e+06  1.44326  3 
8.17597e-16  6.109e-22  2.01144e+06  1.50293  3 
8.48716e-16  5.45969e-22  2.088e+06  1.34319  3 
8.24425e-16  6.08919e-22  2.02824e+06  1.49805  3 
7.57399e-16  7.09643e-22  1.76424e+06  1.653  4 
7.78185e-16  6.39706e-22  1.91448e+06  1.5738  4 
7.65405e-16  6.78057e-22  1.88304e+06  1.66815  4 
8.03549e-16  6.17228e-22  1.97688e+06  1.5185  4 
8.2462e-16  6.11447e-22  2.02872e+06  1.50427  4 
8.52326e-16  5.53265e-22  2.09688e+06  1.36114  4 
9.18234e-16  5.53089e-22  2.13888e+06  1.28833  4 
7.63581e-16  7.11535e-22  1.77864e+06  1.65741  5 
7.58479e-16  7.14451e-22  1.866e+06  1.75768  5 
7.81599e-16  6.40096e-22  1.92288e+06  1.57475  5 
8.05207e-16  6.27542e-22  1.98096e+06  1.54387  5 
8.71972e-16  5.74344e-22  2.03112e+06  1.33784  5 
8.95464e-16  5.62617e-22  2.08584e+06  1.31053  5 
9.00616e-16  5.53995e-22  2.09784e+06  1.29044  5 
9.23489e-16  5.53375e-22  2.15112e+06  1.289  5 
7.70999e-16  7.35169e-22  1.79592e+06  1.71246  6 
8.48172e-16  6.33466e-22  1.97568e+06  1.47556  6 
7.9233e-16  6.56451e-22  1.94928e+06  1.61499  6 
7.92428e-16  6.44003e-22  1.94952e+06  1.58437  6 
8.84233e-16  5.76749e-22  2.05968e+06  1.34345  6 
8.3223e-16  6.35813e-22  2.04744e+06  1.56422  6 
9.10919e-16  5.7432e-22  2.12184e+06  1.33779  6 
9.15349e-16  5.71809e-22  2.13216e+06  1.33194  6 
8.40753e-16  6.42013e-22  1.9584e+06  1.49547  7 
8.01793e-16  6.4621e-22  1.97256e+06  1.5898  7 
7.92623e-16  6.7265e-22  1.95e+06  1.65484  7 
8.8753e-16  5.79807e-22  2.06736e+06  1.35057  7 
9.03088e-16  5.78026e-22  2.1036e+06  1.34642  7 
7.96655e-16  7.06976e-22  1.85568e+06  1.64679  8 
8.02013e-16  6.67416e-22  1.86816e+06  1.55464  8 
8.30759e-16  6.47142e-22  1.93512e+06  1.50741  8 
8.4302e-16  6.44072e-22  1.96368e+06  1.50026  8 
8.5322e-16  6.42827e-22  1.98744e+06  1.49736  8 
8.11595e-16  7.06027e-22  1.89048e+06  1.64458  9 
8.16025e-16  6.92513e-22  1.9008e+06  1.6131  9 
8.17261e-16  6.6993e-22  1.90368e+06  1.5605  9 
8.09122e-16  7.17793e-22  1.88472e+06  1.67198  9 
8.34983e-16  6.47722e-22  1.94496e+06  1.50876  9 
8.07782e-16  7.55904e-22  1.8816e+06  1.76076  9 
8.4745e-16  6.47078e-22  1.974e+06  1.50726  9 
8.85161e-16  6.46812e-22  2.06184e+06  1.50664  9 
8.17468e-16  6.92184e-22  1.90416e+06  1.61233  10 
8.20456e-16  6.80478e-22  1.91112e+06  1.58507  10 
8.20559e-16  6.70372e-22  1.91136e+06  1.56152  10 
8.08504e-16  7.77551e-22  1.88328e+06  1.81118  10 
8.38795e-16  6.51917e-22  1.95384e+06  1.51854  10 
8.18498e-16  6.96271e-22  1.90656e+06  1.62185  11 
8.24886e-16  6.9196e-22  1.92144e+06  1.61181  11 
8.3488e-16  6.7708e-22  1.94472e+06  1.57715  11 
8.4168e-16  6.57317e-22  1.96056e+06  1.53112  11 
8.50747e-16  6.56905e-22  1.98168e+06  1.53016  11 
8.28492e-16  7.08144e-22  1.92984e+06  1.64951  12 
8.25607e-16  7.10046e-22  1.92312e+06  1.65394  12 
8.50644e-16  6.85844e-22  1.98144e+06  1.59756  12 
8.54663e-16  6.61928e-22  1.9908e+06  1.54185  12 
8.58887e-16  6.96926e-22  2.00064e+06  1.62338  13 
8.60536e-16  6.76482e-22  2.00448e+06  1.57576  13 
2.78845e-15  2.62586e-21  1.75968e+06  1.65708  14 
2.88276e-15  2.49577e-21  1.8192e+06  1.57498  14 
2.96111e-15  2.4177e-21  1.86864e+06  1.52572  14 
3.0501e-15  2.13073e-21  1.9248e+06  1.34462  14 
3.02082e-15  2.38557e-21  1.90632e+06  1.50544  14 

2.38951e-17  2.25848e-23  1.75416e+06  1.65797  0 
2.40847e-17  2.234e-23  1.76808e+06  1.64  0 
2.58894e-17  1.73197e-23  1.90056e+06  1.27145  0 
2.58469e-17  1.78724e-23  1.89744e+06  1.31203  0 
2.50721e-17  2.03095e-23  1.84056e+06  1.49094  0 
2.63536e-17  1.80031e-23  1.93464e+06  1.32162  1 
2.57978e-17  2.15906e-23  1.89384e+06  1.58498  1 
2.50525e-17  2.32192e-23  1.83912e+06  1.70454  1 
2.6334e-17  2.12847e-23  1.9332e+06  1.56253  1 
2.7949e-17  1.79771e-23  2.05176e+06  1.31971  1 
2.81321e-17  1.79588e-23  2.0652e+06  1.31837  1 
2.82138e-17  1.75608e-23  2.0712e+06  1.28915  1 
2.98125e-17  1.7486e-23  2.18856e+06  1.28366  1 
2.64975e-17  2.01349e-23  1.9452e+06  1.47812  2 
2.63438e-17  2.1401e-23  1.93392e+06  1.57106  2 
2.5193e-17  2.36394e-23  1.84944e+06  1.73539  2 
2.63798e-17  2.07314e-23  1.93656e+06  1.52191  2 
2.7184e-17  1.82139e-23  1.9956e+06  1.33709  2 
2.84721e-17  1.79863e-23  2.09016e+06  1.32038  2 
2.85767e-17  1.75784e-23  2.09784e+06  1.29044  2 
2.64811e-17  2.11339e-23  1.944e+06  1.55146  3 
2.73181e-17  1.82633e-23  2.00544e+06  1.34072  3 
2.77758e-17  1.82416e-23  2.03904e+06  1.33913  3 
2.71513e-17  2.04514e-23  1.9932e+06  1.50135  3 
2.81615e-17  1.82359e-23  2.06736e+06  1.33871  3 
2.87173e-17  1.76274e-23  2.10816e+06  1.29404  3 
2.8701e-17  1.81867e-23  2.10696e+06  1.3351  3 
2.89135e-17  1.7608e-23  2.12256e+06  1.29262  3 
2.91685e-17  1.76043e-23  2.14128e+06  1.29234  3 
2.6553e-17  2.11829e-23  1.94928e+06  1.55505  4 
2.73409e-17  2.01678e-23  2.00712e+06  1.48053  4 
2.65792e-17  2.11795e-23  1.9512e+06  1.5548  4 
2.76679e-17  2.01538e-23  2.03112e+06  1.4795  4 
2.79752e-17  1.84772e-23  2.05368e+06  1.35643  4 
2.72461e-17  2.1015e-23  2.00016e+06  1.54273  4 
2.66904e-17  2.14425e-23  1.95936e+06  1.57411  5 
2.807e-17  1.87615e-23  2.06064e+06  1.3773  5 
2.73638e-17  2.03845e-23  2.0088e+06  1.49645  5 
2.67557e-17  2.17784e-23  1.96416e+06  1.59877  6 
2.75077e-17  2.04739e-23  2.01936e+06  1.503  6 
2.84558e-17  1.90297e-23  2.08896e+06  1.39699  6 
2.82825e-17  2.04089e-23  2.07624e+06  1.49823  6 
2.77561e-17  2.05272e-23  2.0376e+06  1.50692  7 
7.3731e-16  6.04061e-22  1.81392e+06  1.4861  8 
7.19068e-16  6.73081e-22  1.76904e+06  1.6559  8 
7.71942e-16  5.39711e-22  1.89912e+06  1.32779  8 
7.2375e-16  6.69882e-22  1.78056e+06  1.64804  8 
8.42765e-16  5.32855e-22  2.07336e+06  1.31092  8 
8.49302e-16  5.25435e-22  2.08944e+06  1.29267  8 
8.55643e-16  5.23596e-22  2.10504e+06  1.28814  8 
8.87347e-16  5.22599e-22  2.18304e+06  1.28569  8 
8.07164e-16  5.41303e-22  1.88016e+06  1.26088  9 
7.97067e-16  5.47809e-22  1.85664e+06  1.27603  9 
7.43358e-16  6.40183e-22  1.8288e+06  1.57497  9 
7.7877e-16  5.72336e-22  1.91592e+06  1.40805  9 
7.56235e-16  6.34875e-22  1.86048e+06  1.56191  9 
7.94964e-16  5.48458e-22  1.95576e+06  1.34931  9 
7.66966e-16  6.1602e-22  1.88688e+06  1.51552  9 
8.48131e-16  5.41302e-22  2.08656e+06  1.3317  9 
8.49887e-16  5.36434e-22  2.09088e+06  1.31973  9 
8.58764e-16  5.26313e-22  2.11272e+06  1.29483  9 
8.62374e-16  5.26081e-22  2.1216e+06  1.29426  9 
7.45407e-16  6.41228e-22  1.83384e+06  1.57754  10 
8.2231e-16  5.65841e-22  1.91544e+06  1.31804  10 
7.72527e-16  6.21835e-22  1.90056e+06  1.52983  10 
7.85989e-16  6.12913e-22  1.93368e+06  1.50788  10 
8.06183e-16  6.01689e-22  1.98336e+06  1.48027  10 
7.94964e-16  6.09824e-22  1.95576e+06  1.50028  10 
8.41009e-16  5.45428e-22  2.06904e+06  1.34186  10 
8.92713e-16  5.4233e-22  2.19624e+06  1.33423  10 
7.49259e-16  7.45065e-22  1.74528e+06  1.73551  11 
7.54382e-16  6.68721e-22  1.85592e+06  1.64518  11 
7.76136e-16  6.38488e-22  1.90944e+06  1.5708  11 
8.45905e-16  5.72596e-22  1.9704e+06  1.33377  11 
7.85794e-16  6.35126e-22  1.9332e+06  1.56253  11 
7.89794e-16  6.31606e-22  1.94304e+06  1.55387  11 
8.03549e-16  6.13366e-22  1.97688e+06  1.509  11 
8.30669e-16  5.86648e-22  2.0436e+06  1.44326  11 
8.17597e-16  6.109e-22  2.01144e+06  1.50293  11 
8.48716e-16  5.45969e-22  2.088e+06  1.34319  11 
8.24425e-16  6.08919e-22  2.02824e+06  1.49805  11 
7.57399e-16  7.09643e-22  1.76424e+06  1.653  12 
7.78185e-16  6.39706e-22  1.91448e+06  1.5738  12 
7.65405e-16  6.78057e-22  1.88304e+06  1.66815  12 
8.03549e-16  6.17228e-22  1.97688e+06  1.5185  12 
8.2462e-16  6.11447e-22  2.02872e+06  1.50427  12 
8.52326e-16  5.53265e-22  2.09688e+06  1.36114  12 
9.18234e-16  5.53089e-22  2.13888e+06  1.28833  12 
7.63581e-16  7.11535e-22  1.77864e+06  1.65741  13 
7.81599e-16  6.40096e-22  1.92288e+06  1.57475  13 
7.58479e-16  7.14451e-22  1.866e+06  1.75768  13 
8.05207e-16  6.27542e-22  1.98096e+06  1.54387  13 
8.71972e-16  5.74344e-22  2.03112e+06  1.33784  13 
8.95464e-16  5.62617e-22  2.08584e+06  1.31053  13 
9.00616e-16  5.53995e-22  2.09784e+06  1.29044  13 
9.23489e-16  5.53375e-22  2.15112e+06  1.289  13 
7.70999e-16  7.35169e-22  1.79592e+06  1.71246  14 
8.48172e-16  6.33466e-22  1.97568e+06  1.47556  14 
7.9233e-16  6.56451e-22  1.94928e+06  1.61499  14 
7.92428e-16  6.44003e-22  1.94952e+06  1.58437  14 

2.38951e-17  2.25848e-23  1.75416e+06  1.65797  0 
2.40847e-17  2.234e-23  1.76808e+06  1.64  0 
2.58894e-17  1.73197e-23  1.90056e+06  1.27145  0 
2.58469e-17  1.78724e-23  1.89744e+06  1.31203  0 
2.50721e-17  2.03095e-23  1.84056e+06  1.49094  0 
2.63536e-17  1.80031e-23  1.93464e+06  1.32162  1 
2.57978e-17  2.15906e-23  1.89384e+06  1.58498  1 
2.50525e-17  2.32192e-23  1.83912e+06  1.70454  1 
2.6334e-17  2.12847e-23  1.9332e+06  1.56253  1 
2.7949e-17  1.79771e-23  2.05176e+06  1.31971  1 
2.81321e-17  1.79588e-23  2.0652e+06  1.31837  1 
2.82138e-17  1.75608e-23  2.0712e+06  1.28915  1 
2.98125e-17  1.7486e-23  2.18856e+06  1.28366  1 
2.64975e-17  2.01349e-23  1.9452e+06  1.47812  2 
2.63438e-17  2.1401e-23  1.93392e+06  1.57106  2 
2.5193e-17  2.36394e-23  1.84944e+06  1.73539  2 
2.63798e-17  2.07314e-23  1.93656e+06  1.52191  2 
2.7184e-17  1.82139e-23  1.9956e+06  1.33709  2 
2.84721e-17  1.79863e-23  2.09016e+06  1.32038  2 
2.85767e-17  1.75784e-23  2.09784e+06  1.29044  2 
2.64811e-17  2.11339e-23  1.944e+06  1.55146  3 
2.73181e-17  1.82633e-23  2.00544e+06  1.34072  3 
2.77758e-17  1.82416e-23  2.03904e+06  1.33913  3 
2.71513e-17  2.04514e-23  1.9932e+06  1.50135  3 
2.81615e-17  1.82359e-23  2.06736e+06  1.33871  3 
2.87173e-17  1.76274e-23  2.10816e+06  1.29404  3 
2.8701e-17  1.81867e-23  2.10696e+06  1.3351  3 
2.89135e-17  1.7608e-23  2.12256e+06  1.29262  3 
2.91685e-17  1.76043e-23  2.14128e+06  1.29234  3 
2.6553e-17  2.11829e-23  1.94928e+06  1.55505  4 
2.73409e-17  2.01678e-23  2.00712e+06  1.48053  4 
2.65792e-17  2.11795e-23  1.9512e+06  1.5548  4 
2.76679e-17  2.01538e-23  2.03112e+06  1.4795  4 
2.79752e-17  1.84772e-23  2.05368e+06  1.35643  4 
2.72461e-17  2.1015e-23  2.00016e+06  1.54273  4 
2.66904e-17  2.14425e-23  1.95936e+06  1.57411  5 
2.807e-17  1.87615e-23  2.06064e+06  1.3773  5 
2.73638e-17  2.03845e-23  2.0088e+06  1.49645  5 
2.67557e-17  2.17784e-23  1.96416e+06  1.59877  6 
2.75077e-17  2.04739e-23  2.01936e+06  1.503  6 
2.84558e-17  1.90297e-23  2.08896e+06  1.39699  6 
2.82825e-17  2.04089e-23  2.07624e+06  1.49823  6 
2.77561e-17  2.05272e-23  2.0376e+06  1.50692  7 
7.3731e-16  6.04061e-22  1.81392e+06  1.4861  8 
7.19068e-16  6.73081e-22  1.76904e+06  1.6559  8 
7.71942e-16  5.39711e-22  1.89912e+06  1.32779  8 
7.2375e-16  6.69882e-22  1.78056e+06  1.64804  8 
8.42765e-16  5.32855e-22  2.07336e+06  1.31092  8 
8.49302e-16  5.25435e-22  2.08944e+06  1.29267  8 
8.55643e-16  5.23596e-22  2.10504e+06  1.28814  8 
8.87347e-16  5.22599e-22  2.18304e+06  1.28569  8 
8.07164e-16  5.41303e-22  1.88016e+06  1.26088  9 
7.97067e-16  5.47809e-22  1.85664e+06  1.27603  9 
7.43358e-16  6.40183e-22  1.8288e+06  1.57497  9 
7.7877e-16  5.72336e-22  1.91592e+06  1.40805  9 
7.56235e-16  6.34875e-22  1.86048e+06  1.56191  9 
7.94964e-16  5.48458e-22  1.95576e+06  1.34931  9 
7.66966e-16  6.1602e-22  1.88688e+06  1.51552  9 
8.48131e-16  5.41302e-22  2.08656e+06  1.3317  9 
8.49887e-16  5.36434e-22  2.09088e+06  1.31973  9 
8.58764e-16  5.26313e-22  2.11272e+06  1.29483  9 
8.62374e-16  5.26081e-22  2.1216e+06  1.29426  9 
7.45407e-16  6.41228e-22  1.83384e+06  1.57754  10 
8.2231e-16  5.65841e-22  1.91544e+06  1.31804  10 
7.72527e-16  6.21835e-22  1.90056e+06  1.52983  10 
7.85989e-16  6.12913e-22  1.93368e+06  1.50788  10 
8.06183e-16  6.01689e-22  1.98336e+06  1.48027  10 
7.94964e-16  6.09824e-22  1.95576e+06  1.50028  10 
8.41009e-16  5.45428e-22  2.06904e+06  1.34186  10 
8.92713e-16  5.4233e-22  2.19624e+06  1.33423  10 
7.49259e-16  7.45065e-22  1.74528e+06  1.73551  11 
7.54382e-16  6.68721e-22  1.85592e+06  1.64518  11 
7.76136e-16  6.38488e-22  1.90944e+06  1.5708  11 
8.45905e-16  5.72596e-22  1.9704e+06  1.33377  11 
7.85794e-16  6.35126e-22  1.9332e+06  1.56253  11 
7.89794e-16  6.31606e-22  1.94304e+06  1.55387  11 
8.03549e-16  6.13366e-22  1.97688e+06  1.509  11 
8.30669e-16  5.86648e-22  2.0436e+06  1.44326  11 
8.17597e-16  6.109e-22  2.01144e+06  1.50293  11 
8.48716e-16  5.45969e-22  2.088e+06  1.34319  11 
8.24425e-16  6.08919e-22  2.02824e+06  1.49805  11 
7.57399e-16  7.09643e-22  1.76424e+06  1.653  12 
7.78185e-16  6.39706e-22  1.91448e+06  1.5738  12 
7.65405e-16  6.78057e-22  1.88304e+06  1.66815  12 
8.03549e-16  6.17228e-22  1.97688e+06  1.5185  12 
8.2462e-16  6.11447e-22  2.02872e+06  1.50427  12 
8.52326e-16  5.53265e-22  2.09688e+06  1.36114  12 
9.18234e-16  5.53089e-22  2.13888e+06  1.28833  12 
7.63581e-16  7.11535e-22  1.77864e+06  1.65741  13 
7.81599e-16  6.40096e-22  1.92288e+06  1.57475  13 
7.58479e-16  7.14451e-22  1.866e+06  1.75768  13 
8.05207e-16  6.27542e-22  1.98096e+06  1.54387  13 
8.71972e-16  5.74344e-22  2.03112e+06  1.33784  13 
8.95464e-16  5.62617e-22  2.08584e+06  1.31053  13 
9.00616e-16  5.53995e-22  2.09784e+06  1.29044  13 
9.23489e-16  5.53375e-22  2.15112e+06  1.289  13 
7.70999e-16  7.35169e-22  1.79592e+06  1.71246  14 
8.48172e-16  6.33466e-22  1.97568e+06  1.47556  14 
7.9233e-16  6.56451e-22  1.94928e+06  1.61499  14 
7.92428e-16  6.44003e-22  1.94952e+06  1.58437  14 

2.38951e-17  2.25848e-23  1.75416e+06  1.65797  0 
2.40847e-17  2.234e-23  1.76808e+06  1.64  0 
2.58894e-17  1.73197e-23  1.90056e+06  1.27145  0 
2.58469e-17  1.78724e-23  1.89744e+06  1.31203  0 
2.50721e-17  2.03095e-23  1.84056e+06  1.49094  0 
2.63536e-17  1.80031e-23  1.93464e+06  1.32162  1 
2.57978e-17  2.15906e-23  1.89384e+06  1.58498  1 
2.50525e-17  2.32192e-23  1.83912e+06  1.70454  1 
2.6334e-17  2.12847e-23  1.9332e+06  1.56253  1 
2.7949e-17  1.79771e-23  2.05176e+06  1.31971  1 
2.81321e-17  1.79588e-23  2.0652e+06  1.31837  1 
2.82138e-17  1.75608e-23  2.0712e+06  1.28915  1 
2.98125e-17  1.7486e-23  2.18856e+06  1.28366  1 
2.64975e-17  2.01349e-23  1.9452e+06  1.47812  2 
2.63438e-17  2.1401e-23  1.93392e+06  1.57106  2 
2.5193e-17  2.36394e-23  1.84944e+06  1.73539  2 
2.63798e-17  2.07314e-23  1.93656e+06  1.52191  2 
2.7184e-17  1.82139e-23  1.9956e+06  1.33709  2 
2.84721e-17  1.79863e-23  2.09016e+06  1.32038  2 
2.85767e-17  1.75784e-23  2.09784e+06  1.29044  2 
2.64811e-17  2.11339e-23  1.944e+06  1.55146  3 
2.73181e-17  1.82633e-23  2.00544e+06  1.34072  3 
2.77758e-17  1.82416e-23  2.03904e+06  1.33913  3 
2.71513e-17  2.04514e-23  1.9932e+06  1.50135  3 
2.81615e-17  1.82359e-23  2.06736e+06  1.33871  3 
2.87173e-17  1.76274e-23  2.10816e+06  1.29404  3 
2.8701e-17  1.81867e-23  2.10696e+06  1.3351  3 
2.89135e-17  1.7608e-23  2.12256e+06  1.29262  3 
2.91685e-17  1.76043e-23  2.14128e+06  1.29234  3 
2.6553e-17  2.11829e-23  1.94928e+06  1.55505  4 
2.73409e-17  2.01678e-23  2.00712e+06  1.48053  4 
2.65792e-17  2.11795e-23  1.9512e+06  1.5548  4 
2.76679e-17  2.01538e-23  2.03112e+06  1.4795  4 
2.79752e-17  1.84772e-23  2.05368e+06  1.35643  4 
2.72461e-17  2.1015e-23  2.00016e+06  1.54273  4 
2.66904e-17  2.14425e-23  1.95936e+06  1.57411  5 
2.807e-17  1.87615e-23  2.06064e+06  1.3773  5 
2.73638e-17  2.03845e-23  2.0088e+06  1.49645  5 
2.67557e-17  2.17784e-23  1.96416e+06  1.59877  6 
2.75077e-17  2.04739e-23  2.01936e+06  1.503  6 
2.84558e-17  1.90297e-23  2.08896e+06  1.39699  6 
2.82825e-17  2.04089e-23  2.07624e+06  1.49823  6 
2.77561e-17  2.05272e-23  2.0376e+06  1.50692  7 
7.3731e-16  6.04061e-22  1.81392e+06  1.4861  8 
7.19068e-16  6.73081e-22  1.76904e+06  1.6559  8 
7.71942e-16  5.39711e-22  1.89912e+06  1.32779  8 
7.2375e-16  6.69882e-22  1.78056e+06  1.64804  8 
8.42765e-16  5.32855e-22  2.07336e+06  1.31092  8 
8.49302e-16  5.25435e-22  2.08944e+06  1.29267  8 
8.55643e-16  5.23596e-22  2.10504e+06  1.28814  8 
8.87347e-16  5.22599e-22  2.18304e+06  1.28569  8 
8.07164e-16  5.41303e-22  1.88016e+06  1.26088  9 
7.97067e-16  5.47809e-22  1.85664e+06  1.27603  9 
7.43358e-16  6.40183e-22  1.8288e+06  1.57497  9 
7.7877e-16  5.72336e-22  1.91592e+06  1.40805  9 
7.56235e-16  6.34875e-22  1.86048e+06  1.56191  9 
7.94964e-16  5.48458e-22  1.95576e+06  1.34931  9 
7.66966e-16  6.1602e-22  1.88688e+06  1.51552  9 
8.48131e-16  5.41302e-22  2.08656e+06  1.3317  9 
8.49887e-16  5.36434e-22  2.09088e+06  1.31973  9 
8.58764e-16  5.26313e-22  2.11272e+06  1.29483  9 
8.62374e-16  5.26081e-22  2.1216e+06  1.29426  9 
7.45407e-16  6.41228e-22  1.83384e+06  1.57754  10 
8.2231e-16  5.65841e-22  1.91544e+06  1.31804  10 
7.72527e-16  6.21835e-22  1.90056e+06  1.52983  10 
7.85989e-16  6.12913e-22  1.93368e+06  1.50788  10 
8.06183e-16  6.01689e-22  1.98336e+06  1.48027  10 
7.94964e-16  6.09824e-22  1.95576e+06  1.50028  10 
8.41009e-16  5.45428e-22  2.06904e+06  1.34186  10 
8.92713e-16  5.4233e-22  2.19624e+06  1.33423  10 
7.49259e-16  7.45065e-22  1.74528e+06  1.73551  11 
7.54382e-16  6.68721e-22  1.85592e+06  1.64518  11 
7.76136e-16  6.38488e-22  1.90944e+06  1.5708  11 
8.45905e-16  5.72596e-22  1.9704e+06  1.33377  11 
7.85794e-16  6.35126e-22  1.9332e+06  1.56253  11 
7.89794e-16  6.31606e-22  1.94304e+06  1.55387  11 
8.03549e-16  6.13366e-22  1.97688e+06  1.509  11 
8.30669e-16  5.86648e-22  2.0436e+06  1.44326  11 
8.17597e-16  6.109e-22  2.01144e+06  1.50293  11 
8.48716e-16  5.45969e-22  2.088e+06  1.34319  11 
8.24425e-16  6.08919e-22  2.02824e+06  1.49805  11 
7.57399e-16  7.09643e-22  1.76424e+06  1.653  12 
7.78185e-16  6.39706e-22  1.91448e+06  1.5738  12 
7.65405e-16  6.78057e-22  1.88304e+06  1.66815  12 
8.03549e-16  6.17228e-22  1.97688e+06  1.5185  12 
8.2462e-16  6.11447e-22  2.02872e+06  1.50427  12 
8.52326e-16  5.53265e-22  2.09688e+06  1.36114  12 
9.18234e-16  5.53089e-22  2.13888e+06  1.28833  12 
7.63581e-16  7.11535e-22  1.77864e+06  1.65741  13 
7.81599e-16  6.40096e-22  1.92288e+06  1.57475  13 
7.58479e-16  7.14451e-22  1.866e+06  1.75768  13 
8.05207e-16  6.27542e-22  1.98096e+06  1.54387  13 
8.71972e-16  5.74344e-22  2.03112e+06  1.33784  13 
8.95464e-16  5.62617e-22  2.08584e+06  1.31053  13 
9.00616e-16  5.53995e-22  2.09784e+06  1.29044  13 
9.23489e-16  5.53375e-22  2.15112e+06  1.289  13 
7.70999e-16  7.35169e-22  1.79592e+06  1.71246  14 
8.77283e-16  6.07976e-22  1.90416e+06  1.31962  14 
8.95417e-16  5.80988e-22  1.94352e+06  1.26105  14 
8.88341e-16  6.04778e-22  1.92816e+06  1.31268  14 

