2.30567e+12  2.30566e+12  2.30567e+12  2.30566e+12  0 
7.73525e+11  7.73523e+11  7.73525e+11  7.73523e+11  0 
2.5453e+17  2.5453e+17  2.5453e+17  2.5453e+17  0 
8.74415e+17  8.74415e+17  8.74415e+17  8.74415e+17  0 
3.09748e+12  3.09748e+12  3.09748e+12  3.09748e+12  0 
3.9163e+12  3.9163e+12  3.9163e+12  3.9163e+12  0 
3.06641e+18  3.06641e+18  3.06641e+18  3.06641e+18  0 
1.67394e+12  1.67394e+12  1.67394e+12  1.67394e+12  0 
4.07773e+11  4.07771e+11  4.07773e+11  4.07771e+11  0 
6.94499e+12  6.94498e+12  6.94499e+12  6.94498e+12  0 
4.22585e+12  4.22585e+12  4.22585e+12  4.22585e+12  0 
5.00668e+12  5.00668e+12  5.00668e+12  5.00668e+12  0 
2.76103e+12  2.76103e+12  2.76103e+12  2.76103e+12  0 
3.2163e+12  3.2163e+12  3.2163e+12  3.2163e+12  0 
1.23528e+19  1.23528e+19  1.23528e+19  1.23528e+19  0 
2.12755e+12  2.12755e+12  2.12755e+12  2.12755e+12  0 
3.88097e+18  3.88097e+18  3.88097e+18  3.88097e+18  0 
6.72841e+12  6.72841e+12  6.72841e+12  6.72841e+12  0 
3.03807e+12  3.03807e+12  3.03807e+12  3.03807e+12  0 
3.49667e+12  3.49667e+12  3.49667e+12  3.49667e+12  0 
3.25179e+18  3.25179e+18  3.25179e+18  3.25179e+18  0 
3.78709e+12  3.78709e+12  3.78709e+12  3.78709e+12  0 
3.1695e+12  3.1695e+12  3.1695e+12  3.1695e+12  0 
2.66108e+18  2.66108e+18  2.66108e+18  2.66108e+18  0 
1.92206e+12  1.92206e+12  1.92206e+12  1.92206e+12  0 
8.94025e+11  8.94023e+11  8.94025e+11  8.94023e+11  0 
3.77024e+12  3.77024e+12  3.77024e+12  3.77024e+12  0 
4.48084e+18  4.48084e+18  4.48084e+18  4.48084e+18  0 
3.07982e+12  3.07982e+12  3.07982e+12  3.07982e+12  0 
2.79107e+12  2.79107e+12  2.79107e+12  2.79107e+12  0 
4.7668e+12  4.76679e+12  4.7668e+12  4.76679e+12  0 
2.11945e+12  2.11945e+12  2.11945e+12  2.11945e+12  0 
3.312e+12  3.312e+12  3.312e+12  3.312e+12  0 
3.97846e+12  3.97846e+12  3.97846e+12  3.97846e+12  0 
2.10363e+12  2.10363e+12  2.10363e+12  2.10363e+12  0 
6.99339e+12  6.99339e+12  6.99339e+12  6.99339e+12  0 
4.19576e+12  4.19576e+12  4.19576e+12  4.19576e+12  0 
2.58682e+12  2.58682e+12  2.58682e+12  2.58682e+12  0 
2.89798e+12  2.89798e+12  2.89798e+12  2.89798e+12  0 
1.91939e+12  1.91939e+12  1.91939e+12  1.91939e+12  0 
3.51924e+12  3.51924e+12  3.51924e+12  3.51924e+12  0 
9.73948e+18  9.73948e+18  9.73948e+18  9.73948e+18  0 
2.16068e+12  2.16067e+12  2.16068e+12  2.16067e+12  0 
4.24311e+12  4.24311e+12  4.24311e+12  4.24311e+12  0 
1.99689e+12  1.99689e+12  1.99689e+12  1.99689e+12  0 
4.63541e+18  4.63541e+18  4.63541e+18  4.63541e+18  0 
3.54267e+12  3.54267e+12  3.54267e+12  3.54267e+12  0 
2.84034e+12  2.84034e+12  2.84034e+12  2.84034e+12  0 
9.37341e+12  9.37341e+12  9.37341e+12  9.37341e+12  0 
7.82821e+12  7.82821e+12  7.82821e+12  7.82821e+12  0 
2.45228e+12  2.45228e+12  2.45228e+12  2.45228e+12  0 
5.67722e+12  5.67722e+12  5.67722e+12  5.67722e+12  0 
3.01205e+12  3.01205e+12  3.01205e+12  3.01205e+12  0 
4.42502e+12  4.42502e+12  4.42502e+12  4.42502e+12  0 
6.40609e+18  6.40609e+18  6.40609e+18  6.40609e+18  0 
5.10134e+12  5.10134e+12  5.10134e+12  5.10134e+12  0 
9.76753e+11  9.76751e+11  9.76753e+11  9.76751e+11  0 
3.1898e+12  3.1898e+12  3.1898e+12  3.1898e+12  0 
1.3101e+12  1.3101e+12  1.3101e+12  1.3101e+12  0 
2.26417e+12  2.26417e+12  2.26417e+12  2.26417e+12  0 
1.9731e+12  1.9731e+12  1.9731e+12  1.9731e+12  0 
1.27632e+12  1.27632e+12  1.27632e+12  1.27632e+12  0 
2.03905e+12  2.03904e+12  2.03905e+12  2.03904e+12  0 
5.81609e+18  5.81609e+18  5.81609e+18  5.81609e+18  0 
2.89238e+12  2.89238e+12  2.89238e+12  2.89238e+12  0 
5.26482e+12  5.26482e+12  5.26482e+12  5.26482e+12  0 
4.00985e+12  4.00985e+12  4.00985e+12  4.00985e+12  0 
5.42487e+12  5.42487e+12  5.42487e+12  5.42487e+12  0 
3.02091e+12  3.02091e+12  3.02091e+12  3.02091e+12  0 
1.49659e+19  1.49659e+19  1.49659e+19  1.49659e+19  0 
6.49073e+17  6.49073e+17  6.49073e+17  6.49073e+17  0 
2.92572e+12  2.92572e+12  2.92572e+12  2.92572e+12  0 
3.67883e+12  3.67883e+12  3.67883e+12  3.67883e+12  0 
1.3141e+12  1.31409e+12  1.3141e+12  1.31409e+12  0 
3.58553e+17  3.58553e+17  3.58553e+17  3.58553e+17  0 
1.54788e+12  1.54788e+12  1.54788e+12  1.54788e+12  0 
9.40558e+12  9.40558e+12  9.40558e+12  9.40558e+12  0 
3.11517e+12  3.11517e+12  3.11517e+12  3.11517e+12  0 
3.42038e+12  3.42037e+12  3.42038e+12  3.42037e+12  0 
4.21915e+12  4.21915e+12  4.21915e+12  4.21915e+12  0 
1.59713e+12  1.59713e+12  1.59713e+12  1.59713e+12  0 
3.90146e+12  3.90146e+12  3.90146e+12  3.90146e+12  0 
3.70901e+12  3.70901e+12  3.70901e+12  3.70901e+12  0 
2.17907e+18  2.17907e+18  2.17907e+18  2.17907e+18  0 
1.1944e+19  1.1944e+19  1.1944e+19  1.1944e+19  0 
9.27561e+11  9.2756e+11  9.27561e+11  9.2756e+11  0 
1.15669e+12  1.15669e+12  1.15669e+12  1.15669e+12  0 
2.91651e+12  2.91651e+12  2.91651e+12  2.91651e+12  0 
1.90802e+12  1.90802e+12  1.90802e+12  1.90802e+12  0 
2.1219e+12  2.1219e+12  2.1219e+12  2.1219e+12  0 
2.50137e+12  2.50136e+12  2.50137e+12  2.50136e+12  0 
4.48499e+12  4.48499e+12  4.48499e+12  4.48499e+12  0 
3.4111e+18  3.4111e+18  3.4111e+18  3.4111e+18  0 
2.7876e+12  2.78759e+12  2.7876e+12  2.78759e+12  0 
3.57316e+12  3.57316e+12  3.57316e+12  3.57316e+12  0 
1.0217e+13  1.0217e+13  1.0217e+13  1.0217e+13  0 
4.63739e+12  4.63739e+12  4.63739e+12  4.63739e+12  0 
2.54771e+12  2.54771e+12  2.54771e+12  2.54771e+12  0 
1.84773e+12  1.84773e+12  1.84773e+12  1.84773e+12  0 
1.04864e+12  1.04864e+12  1.04864e+12  1.04864e+12  0 

5.42159e-16  4.91483e-22  1.73184e+06  1.56996  0 
5.44263e-16  4.93136e-22  1.73856e+06  1.57524  1 
6.01814e-16  4.18e-22  1.9224e+06  1.33523  0 
5.86036e-16  4.26776e-22  1.872e+06  1.36327  0 
5.84909e-16  4.37811e-22  1.8684e+06  1.39852  0 
5.76119e-16  4.41985e-22  1.84032e+06  1.41185  0 
5.71085e-16  4.41996e-22  1.82424e+06  1.41189  0 
5.68981e-16  4.42026e-22  1.81752e+06  1.41198  0 
5.65074e-16  4.4221e-22  1.80504e+06  1.41257  0 
5.90319e-16  4.33007e-22  1.88568e+06  1.38317  1 
5.72513e-16  4.87413e-22  1.8288e+06  1.55696  1 
5.9385e-16  4.31934e-22  1.89696e+06  1.37974  1 
5.50198e-16  4.98139e-22  1.75752e+06  1.59123  2 
5.7657e-16  4.73641e-22  1.84176e+06  1.51297  1 
5.97682e-16  4.27191e-22  1.9092e+06  1.36459  1 
5.7687e-16  4.53967e-22  1.84272e+06  1.45012  1 
5.81528e-16  4.48565e-22  1.8576e+06  1.43287  1 
5.62971e-16  4.91559e-22  1.79832e+06  1.57021  1 
5.90995e-16  4.41605e-22  1.88784e+06  1.41064  2 
5.80702e-16  4.90392e-22  1.85496e+06  1.56648  2 
5.81228e-16  4.88138e-22  1.85664e+06  1.55928  2 
5.83407e-16  4.51041e-22  1.8636e+06  1.44078  2 
6.20297e-16  4.3126e-22  1.98144e+06  1.37759  2 
5.76945e-16  4.92571e-22  1.84296e+06  1.57344  2 
5.83407e-16  4.86807e-22  1.8636e+06  1.55503  3 
5.84384e-16  4.73452e-22  1.86672e+06  1.51237  3 
5.86938e-16  4.69155e-22  1.87488e+06  1.49864  3 
5.92874e-16  4.45458e-22  1.89384e+06  1.42294  3 
6.17592e-16  4.4319e-22  1.9728e+06  1.4157  3 
6.49975e-16  4.41212e-22  2.07624e+06  1.40938  3 
5.93099e-16  4.55097e-22  1.89456e+06  1.45373  4 
5.96255e-16  4.46812e-22  1.90464e+06  1.42727  4 
5.93925e-16  4.69214e-22  1.8972e+06  1.49883  5 
5.99636e-16  4.53316e-22  1.91544e+06  1.44804  5 
6.11281e-16  4.47227e-22  1.95264e+06  1.4286  5 
6.00537e-16  4.53781e-22  1.91832e+06  1.44953  6 
6.12934e-16  4.52036e-22  1.95792e+06  1.44396  6 
6.1361e-16  4.47329e-22  1.96008e+06  1.42892  6 
6.02791e-16  4.58052e-22  1.92552e+06  1.46317  7 
6.35699e-16  4.54482e-22  2.03064e+06  1.45177  7 
6.04068e-16  4.71149e-22  1.9296e+06  1.50501  8 
6.12859e-16  4.59369e-22  1.95768e+06  1.46738  8 
6.16691e-16  4.76559e-22  1.96992e+06  1.52229  9 
6.26909e-16  4.71201e-22  2.00256e+06  1.50518  9 
1.05741e-14  9.7003e-21  1.7292e+06  1.5863  10 
1.09087e-14  9.12957e-21  1.78392e+06  1.49297  10 
1.08486e-14  9.14912e-21  1.77408e+06  1.49617  10 
1.08075e-14  9.30306e-21  1.76736e+06  1.52134  10 
1.16954e-14  8.22819e-21  1.91256e+06  1.34557  10 
1.17717e-14  8.12244e-21  1.92504e+06  1.32827  10 
1.07899e-14  9.5944e-21  1.76448e+06  1.56898  10 
1.11025e-14  8.63661e-21  1.8156e+06  1.41236  10 
1.12536e-14  8.63352e-21  1.84032e+06  1.41185  10 
1.14899e-14  8.5308e-21  1.87896e+06  1.39505  10 
1.11039e-14  8.87257e-21  1.81584e+06  1.45094  11 
1.16998e-14  8.40052e-21  1.91328e+06  1.37375  11 
1.12903e-14  8.81438e-21  1.84632e+06  1.44143  11 
1.13637e-14  8.75194e-21  1.85832e+06  1.43122  11 
1.15589e-14  8.64846e-21  1.89024e+06  1.41429  11 
1.11861e-14  9.23551e-21  1.82928e+06  1.5103  12 
1.13798e-14  8.94353e-21  1.86096e+06  1.46255  12 
1.11773e-14  9.33397e-21  1.82784e+06  1.5264  12 
1.14107e-14  8.88265e-21  1.866e+06  1.45259  12 
1.12551e-14  9.20755e-21  1.84056e+06  1.50572  12 
1.13167e-14  9.16968e-21  1.85064e+06  1.49953  12 
1.17688e-14  8.81904e-21  1.92456e+06  1.44219  12 
1.21812e-14  8.42094e-21  1.992e+06  1.37709  12 
1.19654e-14  8.75682e-21  1.95672e+06  1.43201  12 
1.21946e-14  8.84714e-21  1.87872e+06  1.363  13 
1.2151e-14  8.84885e-21  1.872e+06  1.36327  13 
1.12023e-14  9.51585e-21  1.83192e+06  1.55614  13 
1.14385e-14  9.084e-21  1.87056e+06  1.48552  13 
1.14928e-14  8.89056e-21  1.87944e+06  1.45388  13 
1.13241e-14  9.1938e-21  1.85184e+06  1.50347  13 
1.13842e-14  9.17919e-21  1.86168e+06  1.50108  13 
1.22046e-14  8.51353e-21  1.99584e+06  1.39223  13 
1.13612e-14  9.52717e-21  1.75032e+06  1.46777  14 
1.16235e-14  8.9349e-21  1.9008e+06  1.46114  14 
1.14767e-14  9.19176e-21  1.8768e+06  1.50314  14 
1.22501e-14  8.52266e-21  2.00328e+06  1.39372  14 
1.26277e-14  8.68424e-21  1.94544e+06  1.33791  15 
1.15838e-14  9.23081e-21  1.89432e+06  1.50953  15 
1.1779e-14  8.94545e-21  1.92624e+06  1.46286  15 
1.13886e-14  9.66322e-21  1.8624e+06  1.58024  15 
1.26684e-14  8.6321e-21  2.07168e+06  1.41162  15 
1.24424e-14  8.81471e-21  2.03472e+06  1.44148  15 
1.16244e-14  9.72008e-21  1.79088e+06  1.49749  16 
1.25607e-14  8.85694e-21  1.93512e+06  1.36451  16 
1.1669e-14  9.29455e-21  1.90824e+06  1.51995  16 
1.18686e-14  9.00694e-21  1.94088e+06  1.47292  16 
1.17511e-14  9.24054e-21  1.92168e+06  1.51112  16 
1.18846e-14  9.16337e-21  1.83096e+06  1.41172  17 
1.21931e-14  9.11775e-21  1.87848e+06  1.4047  17 
1.17974e-14  9.26324e-21  1.81752e+06  1.42711  17 
1.17849e-14  1.01195e-20  1.8156e+06  1.55903  17 
1.26401e-14  8.9503e-21  1.94736e+06  1.3789  17 
1.17584e-14  1.01995e-20  1.81152e+06  1.57134  17 
1.20197e-14  9.12412e-21  1.9656e+06  1.49208  17 
1.22367e-14  9.12322e-21  1.8852e+06  1.40554  18 
1.1841e-14  9.80344e-21  1.82424e+06  1.51033  18 

5.42159e-16  4.91483e-22  1.73184e+06  1.56996  0 
5.44263e-16  4.93136e-22  1.73856e+06  1.57524  1 
6.01814e-16  4.18e-22  1.9224e+06  1.33523  0 
5.86036e-16  4.26776e-22  1.872e+06  1.36327  0 
5.84909e-16  4.37811e-22  1.8684e+06  1.39852  0 
5.76119e-16  4.41985e-22  1.84032e+06  1.41185  0 
5.71085e-16  4.41996e-22  1.82424e+06  1.41189  0 
5.68981e-16  4.42026e-22  1.81752e+06  1.41198  0 
5.65074e-16  4.4221e-22  1.80504e+06  1.41257  0 
5.90319e-16  4.33007e-22  1.88568e+06  1.38317  1 
5.72513e-16  4.87413e-22  1.8288e+06  1.55696  1 
5.9385e-16  4.31934e-22  1.89696e+06  1.37974  1 
5.50198e-16  4.98139e-22  1.75752e+06  1.59123  2 
5.7657e-16  4.73641e-22  1.84176e+06  1.51297  1 
5.97682e-16  4.27191e-22  1.9092e+06  1.36459  1 
5.7687e-16  4.53967e-22  1.84272e+06  1.45012  1 
5.81528e-16  4.48565e-22  1.8576e+06  1.43287  1 
5.62971e-16  4.91559e-22  1.79832e+06  1.57021  1 
5.90995e-16  4.41605e-22  1.88784e+06  1.41064  2 
5.80702e-16  4.90392e-22  1.85496e+06  1.56648  2 
5.81228e-16  4.88138e-22  1.85664e+06  1.55928  2 
5.83407e-16  4.51041e-22  1.8636e+06  1.44078  2 
6.20297e-16  4.3126e-22  1.98144e+06  1.37759  2 
5.76945e-16  4.92571e-22  1.84296e+06  1.57344  2 
5.83407e-16  4.86807e-22  1.8636e+06  1.55503  3 
5.84384e-16  4.73452e-22  1.86672e+06  1.51237  3 
5.86938e-16  4.69155e-22  1.87488e+06  1.49864  3 
5.92874e-16  4.45458e-22  1.89384e+06  1.42294  3 
6.17592e-16  4.4319e-22  1.9728e+06  1.4157  3 
6.49975e-16  4.41212e-22  2.07624e+06  1.40938  3 
5.93099e-16  4.55097e-22  1.89456e+06  1.45373  4 
5.96255e-16  4.46812e-22  1.90464e+06  1.42727  4 
5.93925e-16  4.69214e-22  1.8972e+06  1.49883  5 
5.99636e-16  4.53316e-22  1.91544e+06  1.44804  5 
6.11281e-16  4.47227e-22  1.95264e+06  1.4286  5 
6.00537e-16  4.53781e-22  1.91832e+06  1.44953  6 
6.12934e-16  4.52036e-22  1.95792e+06  1.44396  6 
6.1361e-16  4.47329e-22  1.96008e+06  1.42892  6 
6.02791e-16  4.58052e-22  1.92552e+06  1.46317  7 
6.35699e-16  4.54482e-22  2.03064e+06  1.45177  7 
6.04068e-16  4.71149e-22  1.9296e+06  1.50501  8 
6.12859e-16  4.59369e-22  1.95768e+06  1.46738  8 
6.16691e-16  4.76559e-22  1.96992e+06  1.52229  9 
6.26909e-16  4.71201e-22  2.00256e+06  1.50518  9 
2.09443e-15  1.65948e-21  1.78296e+06  1.4127  10 
2.05609e-15  1.71646e-21  1.75032e+06  1.4612  10 
2.19339e-15  1.60539e-21  1.8672e+06  1.36664  10 
2.24442e-15  1.58933e-21  1.91064e+06  1.35297  10 
2.14292e-15  1.65588e-21  1.82424e+06  1.40963  10 
2.2884e-15  1.56592e-21  1.94808e+06  1.33304  10 
2.13503e-15  1.65705e-21  1.81752e+06  1.41062  10 
2.24103e-15  1.60142e-21  1.90776e+06  1.36327  10 
2.19903e-15  1.60142e-21  1.872e+06  1.36327  10 
2.13503e-15  1.65864e-21  1.81752e+06  1.41198  11 
2.06257e-15  1.84306e-21  1.75584e+06  1.56897  11 
2.20044e-15  1.64541e-21  1.8732e+06  1.40071  11 
2.21425e-15  1.625e-21  1.88496e+06  1.38334  11 
2.09161e-15  1.7248e-21  1.78056e+06  1.4683  11 
2.27064e-15  1.61774e-21  1.93296e+06  1.37716  11 
2.2182e-15  1.63587e-21  1.88832e+06  1.39259  12 
2.0716e-15  1.9835e-21  1.76352e+06  1.68853  12 
2.12037e-15  1.84398e-21  1.80504e+06  1.56975  12 
2.15928e-15  1.67281e-21  1.83816e+06  1.42404  12 
2.13869e-15  1.83133e-21  1.82064e+06  1.55898  12 
2.14913e-15  1.76985e-21  1.82952e+06  1.50664  12 
2.15589e-15  1.74289e-21  1.83528e+06  1.4837  12 
2.31349e-15  1.6254e-21  1.96944e+06  1.38368  12 
2.22525e-15  1.64073e-21  1.89432e+06  1.39673  13 
2.17281e-15  1.68786e-21  1.84968e+06  1.43685  13 
2.13306e-15  1.86273e-21  1.81584e+06  1.58572  13 
2.15928e-15  1.79408e-21  1.83816e+06  1.52727  13 
2.16322e-15  1.76257e-21  1.84152e+06  1.50045  13 
2.16773e-15  1.72274e-21  1.84536e+06  1.46655  13 
2.17083e-15  1.71708e-21  1.848e+06  1.46172  13 
2.22581e-15  1.64859e-21  1.8948e+06  1.40342  14 
2.17986e-15  1.70708e-21  1.85568e+06  1.45322  14 
2.17309e-15  1.72462e-21  1.84992e+06  1.46815  14 
2.17083e-15  1.87956e-21  1.848e+06  1.60004  14 
2.19085e-15  1.85006e-21  1.86504e+06  1.57493  15 
2.21679e-15  1.76109e-21  1.88712e+06  1.49919  15 
2.28163e-15  1.68481e-21  1.94232e+06  1.43426  15 
2.28671e-15  1.67078e-21  1.94664e+06  1.42231  15 
2.23258e-15  1.80186e-21  1.90056e+06  1.5339  16 
2.24893e-15  1.77459e-21  1.91448e+06  1.51068  16 
2.33153e-15  1.75714e-21  1.9848e+06  1.49583  16 
2.38397e-15  1.67275e-21  2.02944e+06  1.42399  16 
2.25739e-15  1.79048e-21  1.92168e+06  1.52421  17 
2.39525e-15  1.75809e-21  2.03904e+06  1.49664  17 
2.27853e-15  1.90197e-21  1.93968e+06  1.61912  18 
2.30024e-15  1.84563e-21  1.95816e+06  1.57116  18 
2.30954e-15  1.96088e-21  1.96608e+06  1.66927  19 
2.86997e-15  1.98414e-21  1.9032e+06  1.31577  20 
2.86201e-15  1.98728e-21  1.89792e+06  1.31785  20 
2.81279e-15  2.07687e-21  1.86528e+06  1.37726  20 
2.81641e-15  2.01377e-21  1.86768e+06  1.33541  20 
2.70132e-15  2.12572e-21  1.79136e+06  1.40965  20 
2.62858e-15  2.36392e-21  1.74312e+06  1.56762  20 
2.61446e-15  2.36825e-21  1.73376e+06  1.57049  20 
2.69372e-15  2.35536e-21  1.78632e+06  1.56194  20 
2.81894e-15  2.07076e-21  1.86936e+06  1.37321  21 

5.42159e-16  4.91483e-22  1.73184e+06  1.56996  0 
5.44263e-16  4.93136e-22  1.73856e+06  1.57524  1 
6.01814e-16  4.18e-22  1.9224e+06  1.33523  0 
5.86036e-16  4.26776e-22  1.872e+06  1.36327  0 
5.84909e-16  4.37811e-22  1.8684e+06  1.39852  0 
5.76119e-16  4.41985e-22  1.84032e+06  1.41185  0 
5.71085e-16  4.41996e-22  1.82424e+06  1.41189  0 
5.68981e-16  4.42026e-22  1.81752e+06  1.41198  0 
5.65074e-16  4.4221e-22  1.80504e+06  1.41257  0 
5.90319e-16  4.33007e-22  1.88568e+06  1.38317  1 
5.72513e-16  4.87413e-22  1.8288e+06  1.55696  1 
5.9385e-16  4.31934e-22  1.89696e+06  1.37974  1 
5.50198e-16  4.98139e-22  1.75752e+06  1.59123  2 
5.7657e-16  4.73641e-22  1.84176e+06  1.51297  1 
5.97682e-16  4.27191e-22  1.9092e+06  1.36459  1 
5.7687e-16  4.53967e-22  1.84272e+06  1.45012  1 
5.81528e-16  4.48565e-22  1.8576e+06  1.43287  1 
5.62971e-16  4.91559e-22  1.79832e+06  1.57021  1 
5.90995e-16  4.41605e-22  1.88784e+06  1.41064  2 
5.80702e-16  4.90392e-22  1.85496e+06  1.56648  2 
5.81228e-16  4.88138e-22  1.85664e+06  1.55928  2 
5.83407e-16  4.51041e-22  1.8636e+06  1.44078  2 
6.20297e-16  4.3126e-22  1.98144e+06  1.37759  2 
5.76945e-16  4.92571e-22  1.84296e+06  1.57344  2 
5.83407e-16  4.86807e-22  1.8636e+06  1.55503  3 
5.84384e-16  4.73452e-22  1.86672e+06  1.51237  3 
5.86938e-16  4.69155e-22  1.87488e+06  1.49864  3 
5.92874e-16  4.45458e-22  1.89384e+06  1.42294  3 
6.17592e-16  4.4319e-22  1.9728e+06  1.4157  3 
6.49975e-16  4.41212e-22  2.07624e+06  1.40938  3 
5.93099e-16  4.55097e-22  1.89456e+06  1.45373  4 
5.96255e-16  4.46812e-22  1.90464e+06  1.42727  4 
5.93925e-16  4.69214e-22  1.8972e+06  1.49883  5 
5.99636e-16  4.53316e-22  1.91544e+06  1.44804  5 
6.11281e-16  4.47227e-22  1.95264e+06  1.4286  5 
6.00537e-16  4.53781e-22  1.91832e+06  1.44953  6 
6.12934e-16  4.52036e-22  1.95792e+06  1.44396  6 
6.1361e-16  4.47329e-22  1.96008e+06  1.42892  6 
6.02791e-16  4.58052e-22  1.92552e+06  1.46317  7 
6.35699e-16  4.54482e-22  2.03064e+06  1.45177  7 
6.04068e-16  4.71149e-22  1.9296e+06  1.50501  8 
6.12859e-16  4.59369e-22  1.95768e+06  1.46738  8 
6.16691e-16  4.76559e-22  1.96992e+06  1.52229  9 
6.26909e-16  4.71201e-22  2.00256e+06  1.50518  9 
2.09443e-15  1.65948e-21  1.78296e+06  1.4127  10 
2.05609e-15  1.71646e-21  1.75032e+06  1.4612  10 
2.19339e-15  1.60539e-21  1.8672e+06  1.36664  10 
2.24442e-15  1.58933e-21  1.91064e+06  1.35297  10 
2.14292e-15  1.65588e-21  1.82424e+06  1.40963  10 
2.2884e-15  1.56592e-21  1.94808e+06  1.33304  10 
2.13503e-15  1.65705e-21  1.81752e+06  1.41062  10 
2.24103e-15  1.60142e-21  1.90776e+06  1.36327  10 
2.19903e-15  1.60142e-21  1.872e+06  1.36327  10 
2.13503e-15  1.65864e-21  1.81752e+06  1.41198  11 
2.06257e-15  1.84306e-21  1.75584e+06  1.56897  11 
2.20044e-15  1.64541e-21  1.8732e+06  1.40071  11 
2.21425e-15  1.625e-21  1.88496e+06  1.38334  11 
2.09161e-15  1.7248e-21  1.78056e+06  1.4683  11 
2.27064e-15  1.61774e-21  1.93296e+06  1.37716  11 
2.2182e-15  1.63587e-21  1.88832e+06  1.39259  12 
2.0716e-15  1.9835e-21  1.76352e+06  1.68853  12 
2.12037e-15  1.84398e-21  1.80504e+06  1.56975  12 
2.15928e-15  1.67281e-21  1.83816e+06  1.42404  12 
2.13869e-15  1.83133e-21  1.82064e+06  1.55898  12 
2.14913e-15  1.76985e-21  1.82952e+06  1.50664  12 
2.15589e-15  1.74289e-21  1.83528e+06  1.4837  12 
2.31349e-15  1.6254e-21  1.96944e+06  1.38368  12 
2.22525e-15  1.64073e-21  1.89432e+06  1.39673  13 
2.17281e-15  1.68786e-21  1.84968e+06  1.43685  13 
2.13306e-15  1.86273e-21  1.81584e+06  1.58572  13 
2.15928e-15  1.79408e-21  1.83816e+06  1.52727  13 
2.16322e-15  1.76257e-21  1.84152e+06  1.50045  13 
2.16773e-15  1.72274e-21  1.84536e+06  1.46655  13 
2.17083e-15  1.71708e-21  1.848e+06  1.46172  13 
2.22581e-15  1.64859e-21  1.8948e+06  1.40342  14 
2.17986e-15  1.70708e-21  1.85568e+06  1.45322  14 
2.17309e-15  1.72462e-21  1.84992e+06  1.46815  14 
2.17083e-15  1.87956e-21  1.848e+06  1.60004  14 
2.19085e-15  1.85006e-21  1.86504e+06  1.57493  15 
2.21679e-15  1.76109e-21  1.88712e+06  1.49919  15 
2.28163e-15  1.68481e-21  1.94232e+06  1.43426  15 
2.28671e-15  1.67078e-21  1.94664e+06  1.42231  15 
2.23258e-15  1.80186e-21  1.90056e+06  1.5339  16 
2.24893e-15  1.77459e-21  1.91448e+06  1.51068  16 
2.33153e-15  1.75714e-21  1.9848e+06  1.49583  16 
2.38397e-15  1.67275e-21  2.02944e+06  1.42399  16 
2.25739e-15  1.79048e-21  1.92168e+06  1.52421  17 
2.39525e-15  1.75809e-21  2.03904e+06  1.49664  17 
2.27853e-15  1.90197e-21  1.93968e+06  1.61912  18 
2.30024e-15  1.84563e-21  1.95816e+06  1.57116  18 
2.74621e-15  1.93973e-21  1.8756e+06  1.32479  19 
2.30954e-15  1.96088e-21  1.96608e+06  1.66927  19 
2.47422e-15  2.13702e-21  1.68984e+06  1.45954  20 
2.58245e-15  2.06725e-21  1.76376e+06  1.41189  20 
2.57543e-15  2.07441e-21  1.75896e+06  1.41677  20 
2.81641e-15  2.01377e-21  1.86768e+06  1.33541  20 
2.69947e-15  2.05738e-21  1.84368e+06  1.40514  20 
2.74269e-15  2.05089e-21  1.8732e+06  1.40071  20 
2.74269e-15  2.05089e-21  1.8732e+06  1.40071  20 
2.74761e-15  2.02869e-21  1.87656e+06  1.38555  20 

5.42159e-16  4.91483e-22  1.73184e+06  1.56996  0 
5.44263e-16  4.93136e-22  1.73856e+06  1.57524  1 
6.01814e-16  4.18e-22  1.9224e+06  1.33523  0 
5.86036e-16  4.26776e-22  1.872e+06  1.36327  0 
5.84909e-16  4.37811e-22  1.8684e+06  1.39852  0 
5.76119e-16  4.41985e-22  1.84032e+06  1.41185  0 
5.71085e-16  4.41996e-22  1.82424e+06  1.41189  0 
5.68981e-16  4.42026e-22  1.81752e+06  1.41198  0 
5.65074e-16  4.4221e-22  1.80504e+06  1.41257  0 
5.90319e-16  4.33007e-22  1.88568e+06  1.38317  1 
5.72513e-16  4.87413e-22  1.8288e+06  1.55696  1 
5.9385e-16  4.31934e-22  1.89696e+06  1.37974  1 
5.50198e-16  4.98139e-22  1.75752e+06  1.59123  2 
5.7657e-16  4.73641e-22  1.84176e+06  1.51297  1 
5.97682e-16  4.27191e-22  1.9092e+06  1.36459  1 
5.7687e-16  4.53967e-22  1.84272e+06  1.45012  1 
5.81528e-16  4.48565e-22  1.8576e+06  1.43287  1 
5.62971e-16  4.91559e-22  1.79832e+06  1.57021  1 
5.90995e-16  4.41605e-22  1.88784e+06  1.41064  2 
5.80702e-16  4.90392e-22  1.85496e+06  1.56648  2 
5.81228e-16  4.88138e-22  1.85664e+06  1.55928  2 
5.83407e-16  4.51041e-22  1.8636e+06  1.44078  2 
6.20297e-16  4.3126e-22  1.98144e+06  1.37759  2 
5.76945e-16  4.92571e-22  1.84296e+06  1.57344  2 
5.83407e-16  4.86807e-22  1.8636e+06  1.55503  3 
5.84384e-16  4.73452e-22  1.86672e+06  1.51237  3 
5.86938e-16  4.69155e-22  1.87488e+06  1.49864  3 
5.92874e-16  4.45458e-22  1.89384e+06  1.42294  3 
6.17592e-16  4.4319e-22  1.9728e+06  1.4157  3 
6.49975e-16  4.41212e-22  2.07624e+06  1.40938  3 
5.93099e-16  4.55097e-22  1.89456e+06  1.45373  4 
5.96255e-16  4.46812e-22  1.90464e+06  1.42727  4 
5.93925e-16  4.69214e-22  1.8972e+06  1.49883  5 
5.99636e-16  4.53316e-22  1.91544e+06  1.44804  5 
6.11281e-16  4.47227e-22  1.95264e+06  1.4286  5 
6.00537e-16  4.53781e-22  1.91832e+06  1.44953  6 
6.12934e-16  4.52036e-22  1.95792e+06  1.44396  6 
6.1361e-16  4.47329e-22  1.96008e+06  1.42892  6 
6.02791e-16  4.58052e-22  1.92552e+06  1.46317  7 
6.35699e-16  4.54482e-22  2.03064e+06  1.45177  7 
6.04068e-16  4.71149e-22  1.9296e+06  1.50501  8 
6.12859e-16  4.59369e-22  1.95768e+06  1.46738  8 
6.16691e-16  4.76559e-22  1.96992e+06  1.52229  9 
6.26909e-16  4.71201e-22  2.00256e+06  1.50518  9 
1.0225e-15  9.311e-22  1.72992e+06  1.57528  10 
1.04392e-15  8.69827e-22  1.76616e+06  1.47161  10 
1.11102e-15  8.03181e-22  1.87968e+06  1.35886  10 
1.07882e-15  8.33083e-22  1.8252e+06  1.40945  10 
1.10464e-15  8.3097e-22  1.86888e+06  1.40587  10 
1.10989e-15  8.17211e-22  1.87776e+06  1.3826  10 
1.1411e-15  7.95484e-22  1.93056e+06  1.34584  10 
1.14677e-15  7.95389e-22  1.94016e+06  1.34568  10 
1.11897e-15  8.17222e-22  1.89312e+06  1.38261  11 
1.12393e-15  8.05229e-22  1.90152e+06  1.36232  11 
1.12209e-15  8.12746e-22  1.8984e+06  1.37504  11 
1.0845e-15  8.69597e-22  1.8348e+06  1.47122  11 
1.07159e-15  9.1606e-22  1.81296e+06  1.54983  11 
1.0967e-15  8.44009e-22  1.85544e+06  1.42793  11 
1.13315e-15  8.0674e-22  1.91712e+06  1.36488  12 
1.10379e-15  8.63693e-22  1.86744e+06  1.46124  12 
1.10549e-15  8.47978e-22  1.87032e+06  1.43465  12 
1.08279e-15  9.26106e-22  1.83192e+06  1.56683  12 
1.11301e-15  8.47444e-22  1.88304e+06  1.43374  12 
1.09485e-15  8.94492e-22  1.85232e+06  1.51334  12 
1.11939e-15  8.41067e-22  1.89384e+06  1.42296  12 
1.1201e-15  8.40426e-22  1.89504e+06  1.42187  12 
1.13173e-15  8.38771e-22  1.91472e+06  1.41907  12 
1.14819e-15  8.2559e-22  1.94256e+06  1.39677  13 
1.10904e-15  8.51548e-22  1.87632e+06  1.44069  13 
1.15982e-15  8.18975e-22  1.96224e+06  1.38558  13 
1.10152e-15  9.19579e-22  1.8636e+06  1.55579  13 
1.08634e-15  1.00807e-21  1.83792e+06  1.70549  13 
1.13712e-15  8.45137e-22  1.92384e+06  1.42984  13 
1.14521e-15  8.37471e-22  1.93752e+06  1.41687  13 
1.18904e-15  8.14341e-22  2.01168e+06  1.37774  13 
1.11641e-15  8.68301e-22  1.8888e+06  1.46903  14 
1.10507e-15  9.24103e-22  1.8696e+06  1.56344  14 
1.10478e-15  9.29844e-22  1.86912e+06  1.57315  14 
1.15599e-15  8.67526e-22  1.95576e+06  1.46772  14 
1.15713e-15  8.67326e-22  1.95768e+06  1.46738  14 
1.16819e-15  8.46234e-22  1.9764e+06  1.4317  14 
1.17415e-15  8.45597e-22  1.98648e+06  1.43062  14 
1.34736e-15  1.23196e-21  1.722e+06  1.57451  15 
1.45834e-15  1.0565e-21  1.86384e+06  1.35026  15 
1.44463e-15  1.07961e-21  1.84632e+06  1.37981  15 
1.42416e-15  1.10342e-21  1.82016e+06  1.41023  15 
1.41027e-15  1.18589e-21  1.8024e+06  1.51564  15 
1.53571e-15  1.04631e-21  1.96272e+06  1.33724  15 
1.44595e-15  1.09973e-21  1.848e+06  1.40551  16 
1.47824e-15  1.06684e-21  1.88928e+06  1.36349  16 
1.50604e-15  1.06156e-21  1.9248e+06  1.35673  16 
1.4313e-15  1.1572e-21  1.82928e+06  1.47897  16 
1.45421e-15  1.10344e-21  1.85856e+06  1.41026  17 
1.44613e-15  1.1083e-21  1.84824e+06  1.41647  17 
1.43205e-15  1.1578e-21  1.83024e+06  1.47973  17 
1.51374e-15  1.09321e-21  1.93464e+06  1.39719  17 
1.53533e-15  1.08005e-21  1.96224e+06  1.38036  17 
1.45177e-15  1.1174e-21  1.85544e+06  1.4281  18 
1.46979e-15  1.1037e-21  1.87848e+06  1.4106  18 
1.43374e-15  1.18344e-21  1.8324e+06  1.5125  18 

5.42159e-16  4.91483e-22  1.73184e+06  1.56996  0 
5.44263e-16  4.93136e-22  1.73856e+06  1.57524  1 
6.01814e-16  4.18e-22  1.9224e+06  1.33523  0 
5.86036e-16  4.26776e-22  1.872e+06  1.36327  0 
5.84909e-16  4.37811e-22  1.8684e+06  1.39852  0 
5.76119e-16  4.41985e-22  1.84032e+06  1.41185  0 
5.71085e-16  4.41996e-22  1.82424e+06  1.41189  0 
5.68981e-16  4.42026e-22  1.81752e+06  1.41198  0 
5.65074e-16  4.4221e-22  1.80504e+06  1.41257  0 
5.80534e-16  4.52795e-22  1.80888e+06  1.41086  1 
5.90319e-16  4.33007e-22  1.88568e+06  1.38317  1 
5.72513e-16  4.87413e-22  1.8288e+06  1.55696  1 
5.9385e-16  4.31934e-22  1.89696e+06  1.37974  1 
5.50198e-16  4.98139e-22  1.75752e+06  1.59123  2 
5.7657e-16  4.73641e-22  1.84176e+06  1.51297  1 
5.97682e-16  4.27191e-22  1.9092e+06  1.36459  1 
5.7687e-16  4.53967e-22  1.84272e+06  1.45012  1 
5.81528e-16  4.48565e-22  1.8576e+06  1.43287  1 
5.62971e-16  4.91559e-22  1.79832e+06  1.57021  1 
5.95939e-16  4.39289e-22  1.85688e+06  1.36878  2 
5.65745e-16  5.008e-22  1.7628e+06  1.56044  3 
6.01485e-16  4.36949e-22  1.87416e+06  1.36149  2 
6.20202e-16  4.2811e-22  1.93248e+06  1.33394  2 
5.90995e-16  4.41605e-22  1.88784e+06  1.41064  2 
5.65283e-16  5.05361e-22  1.76136e+06  1.57465  3 
5.80702e-16  4.90392e-22  1.85496e+06  1.56648  2 
5.81228e-16  4.88138e-22  1.85664e+06  1.55928  2 
5.83407e-16  4.51041e-22  1.8636e+06  1.44078  2 
5.76945e-16  4.92571e-22  1.84296e+06  1.57344  2 
5.70598e-16  5.01219e-22  1.77792e+06  1.56174  4 
5.65283e-16  5.06955e-22  1.76136e+06  1.57962  4 
5.91009e-16  4.53205e-22  1.84152e+06  1.41214  3 
5.90855e-16  4.60403e-22  1.84104e+06  1.43456  3 
5.68826e-16  5.04743e-22  1.7724e+06  1.57272  4 
6.11421e-16  4.43067e-22  1.90512e+06  1.38055  3 
6.34836e-16  4.29183e-22  1.97808e+06  1.33729  3 
5.83407e-16  4.86807e-22  1.8636e+06  1.55503  3 
5.84384e-16  4.73452e-22  1.86672e+06  1.51237  3 
5.86938e-16  4.69155e-22  1.87488e+06  1.49864  3 
5.92874e-16  4.45458e-22  1.89384e+06  1.42294  3 
6.20297e-16  4.3126e-22  1.98144e+06  1.37759  3 
5.93243e-16  4.51731e-22  1.84848e+06  1.40754  4 
6.21126e-16  4.31903e-22  1.93536e+06  1.34576  4 
5.8685e-16  4.91819e-22  1.82856e+06  1.53245  4 
5.91857e-16  4.53401e-22  1.84416e+06  1.41275  4 
5.70906e-16  5.09204e-22  1.77888e+06  1.58662  5 
5.77145e-16  5.03936e-22  1.79832e+06  1.57021  5 
5.96255e-16  4.46812e-22  1.90464e+06  1.42727  4 
6.17592e-16  4.4319e-22  1.9728e+06  1.4157  4 
5.97556e-16  4.52172e-22  1.86192e+06  1.40892  5 
6.06722e-16  4.48521e-22  1.89048e+06  1.39754  5 
5.93099e-16  4.55097e-22  1.89456e+06  1.45373  5 
6.28828e-16  4.41864e-22  1.95936e+06  1.3768  5 
6.11281e-16  4.47227e-22  1.95264e+06  1.4286  5 
6.49975e-16  4.41212e-22  2.07624e+06  1.40938  5 
5.94938e-16  4.60266e-22  1.85376e+06  1.43414  6 
5.93925e-16  4.69214e-22  1.8972e+06  1.49883  6 
5.99636e-16  4.53316e-22  1.91544e+06  1.44804  6 
5.93166e-16  5.15715e-22  1.84824e+06  1.60691  6 
6.12934e-16  4.52036e-22  1.95792e+06  1.44396  6 
6.1361e-16  4.47329e-22  1.96008e+06  1.42892  6 
5.97556e-16  5.00479e-22  1.86192e+06  1.55944  7 
5.9902e-16  4.83565e-22  1.86648e+06  1.50674  7 
5.99636e-16  4.67175e-22  1.8684e+06  1.45567  7 
6.00175e-16  4.63455e-22  1.87008e+06  1.44407  7 
6.00252e-16  4.6043e-22  1.87032e+06  1.43465  7 
6.00537e-16  4.53781e-22  1.91832e+06  1.44953  7 
6.75505e-16  4.51561e-22  2.1048e+06  1.40702  7 
6.11729e-16  4.53811e-22  1.90608e+06  1.41403  8 
6.1273e-16  4.53808e-22  1.9092e+06  1.41401  8 
6.02791e-16  4.58052e-22  1.92552e+06  1.46317  8 
6.19354e-16  4.53781e-22  1.92984e+06  1.41393  8 
6.06414e-16  4.6247e-22  1.88952e+06  1.44101  9 
6.17583e-16  4.55788e-22  1.92432e+06  1.42018  9 
6.04068e-16  4.71149e-22  1.9296e+06  1.50501  9 
6.12859e-16  4.59369e-22  1.95768e+06  1.46738  9 
6.35699e-16  4.54482e-22  2.03064e+06  1.45177  9 
6.0549e-16  4.82116e-22  1.88664e+06  1.50222  10 
6.08879e-16  4.81028e-22  1.8972e+06  1.49883  10 
6.11344e-16  4.6734e-22  1.90488e+06  1.45618  10 
6.25285e-16  4.62358e-22  1.94832e+06  1.44066  10 
6.30138e-16  4.57986e-22  1.96344e+06  1.42703  10 
6.40382e-16  4.55418e-22  1.99536e+06  1.41903  10 
6.13501e-16  4.86372e-22  1.9116e+06  1.51548  11 
6.22435e-16  4.74778e-22  1.93944e+06  1.47936  11 
6.26441e-16  4.64905e-22  1.95192e+06  1.44859  11 
6.306e-16  4.63648e-22  1.96488e+06  1.44468  11 
6.16691e-16  4.76559e-22  1.96992e+06  1.52229  11 
6.17198e-16  4.82409e-22  1.92312e+06  1.50313  12 
6.34143e-16  4.67541e-22  1.97592e+06  1.45681  12 
6.1635e-16  6.50082e-22  1.92048e+06  2.02558  12 
6.26909e-16  4.71201e-22  2.00256e+06  1.50518  12 
6.32526e-16  4.8684e-22  1.97088e+06  1.51694  13 
6.5417e-16  4.69119e-22  2.03832e+06  1.46172  13 
1.0225e-15  9.311e-22  1.72992e+06  1.57528  14 
1.04392e-15  8.69827e-22  1.76616e+06  1.47161  14 
1.11102e-15  8.03181e-22  1.87968e+06  1.35886  14 
1.07882e-15  8.33083e-22  1.8252e+06  1.40945  14 
1.1411e-15  7.95484e-22  1.93056e+06  1.34584  14 
1.10464e-15  8.3097e-22  1.86888e+06  1.40587  14 

5.42159e-16  4.91483e-22  1.73184e+06  1.56996  0 
5.44263e-16  4.93136e-22  1.73856e+06  1.57524  1 
6.01814e-16  4.18e-22  1.9224e+06  1.33523  0 
5.86036e-16  4.26776e-22  1.872e+06  1.36327  0 
5.84909e-16  4.37811e-22  1.8684e+06  1.39852  0 
5.76119e-16  4.41985e-22  1.84032e+06  1.41185  0 
5.71085e-16  4.41996e-22  1.82424e+06  1.41189  0 
5.68981e-16  4.42026e-22  1.81752e+06  1.41198  0 
5.65074e-16  4.4221e-22  1.80504e+06  1.41257  0 
5.80534e-16  4.52795e-22  1.80888e+06  1.41086  1 
5.90319e-16  4.33007e-22  1.88568e+06  1.38317  1 
5.72513e-16  4.87413e-22  1.8288e+06  1.55696  1 
5.9385e-16  4.31934e-22  1.89696e+06  1.37974  1 
5.50198e-16  4.98139e-22  1.75752e+06  1.59123  2 
5.7657e-16  4.73641e-22  1.84176e+06  1.51297  1 
5.97682e-16  4.27191e-22  1.9092e+06  1.36459  1 
5.7687e-16  4.53967e-22  1.84272e+06  1.45012  1 
5.81528e-16  4.48565e-22  1.8576e+06  1.43287  1 
5.62971e-16  4.91559e-22  1.79832e+06  1.57021  1 
5.95939e-16  4.39289e-22  1.85688e+06  1.36878  2 
5.65745e-16  5.008e-22  1.7628e+06  1.56044  3 
6.01485e-16  4.36949e-22  1.87416e+06  1.36149  2 
6.20202e-16  4.2811e-22  1.93248e+06  1.33394  2 
5.90995e-16  4.41605e-22  1.88784e+06  1.41064  2 
5.65283e-16  5.05361e-22  1.76136e+06  1.57465  3 
5.80702e-16  4.90392e-22  1.85496e+06  1.56648  2 
5.81228e-16  4.88138e-22  1.85664e+06  1.55928  2 
5.83407e-16  4.51041e-22  1.8636e+06  1.44078  2 
5.76945e-16  4.92571e-22  1.84296e+06  1.57344  2 
5.70598e-16  5.01219e-22  1.77792e+06  1.56174  4 
5.65283e-16  5.06955e-22  1.76136e+06  1.57962  4 
5.91009e-16  4.53205e-22  1.84152e+06  1.41214  3 
5.90855e-16  4.60403e-22  1.84104e+06  1.43456  3 
5.68826e-16  5.04743e-22  1.7724e+06  1.57272  4 
6.11421e-16  4.43067e-22  1.90512e+06  1.38055  3 
6.34836e-16  4.29183e-22  1.97808e+06  1.33729  3 
5.83407e-16  4.86807e-22  1.8636e+06  1.55503  3 
5.84384e-16  4.73452e-22  1.86672e+06  1.51237  3 
5.86938e-16  4.69155e-22  1.87488e+06  1.49864  3 
5.92874e-16  4.45458e-22  1.89384e+06  1.42294  3 
6.20297e-16  4.3126e-22  1.98144e+06  1.37759  3 
5.93243e-16  4.51731e-22  1.84848e+06  1.40754  4 
6.21126e-16  4.31903e-22  1.93536e+06  1.34576  4 
5.8685e-16  4.91819e-22  1.82856e+06  1.53245  4 
5.91857e-16  4.53401e-22  1.84416e+06  1.41275  4 
5.70906e-16  5.09204e-22  1.77888e+06  1.58662  5 
5.77145e-16  5.03936e-22  1.79832e+06  1.57021  5 
5.96255e-16  4.46812e-22  1.90464e+06  1.42727  4 
6.17592e-16  4.4319e-22  1.9728e+06  1.4157  4 
5.97556e-16  4.52172e-22  1.86192e+06  1.40892  5 
6.06722e-16  4.48521e-22  1.89048e+06  1.39754  5 
5.93099e-16  4.55097e-22  1.89456e+06  1.45373  5 
6.28828e-16  4.41864e-22  1.95936e+06  1.3768  5 
6.11281e-16  4.47227e-22  1.95264e+06  1.4286  5 
6.49975e-16  4.41212e-22  2.07624e+06  1.40938  5 
5.94938e-16  4.60266e-22  1.85376e+06  1.43414  6 
5.93925e-16  4.69214e-22  1.8972e+06  1.49883  6 
5.99636e-16  4.53316e-22  1.91544e+06  1.44804  6 
5.93166e-16  5.15715e-22  1.84824e+06  1.60691  6 
6.12934e-16  4.52036e-22  1.95792e+06  1.44396  6 
6.1361e-16  4.47329e-22  1.96008e+06  1.42892  6 
5.97556e-16  5.00479e-22  1.86192e+06  1.55944  7 
5.9902e-16  4.83565e-22  1.86648e+06  1.50674  7 
5.99636e-16  4.67175e-22  1.8684e+06  1.45567  7 
6.00175e-16  4.63455e-22  1.87008e+06  1.44407  7 
6.00252e-16  4.6043e-22  1.87032e+06  1.43465  7 
6.00537e-16  4.53781e-22  1.91832e+06  1.44953  7 
6.75505e-16  4.51561e-22  2.1048e+06  1.40702  7 
6.11729e-16  4.53811e-22  1.90608e+06  1.41403  8 
6.1273e-16  4.53808e-22  1.9092e+06  1.41401  8 
6.02791e-16  4.58052e-22  1.92552e+06  1.46317  8 
6.19354e-16  4.53781e-22  1.92984e+06  1.41393  8 
6.06414e-16  4.6247e-22  1.88952e+06  1.44101  9 
6.17583e-16  4.55788e-22  1.92432e+06  1.42018  9 
6.04068e-16  4.71149e-22  1.9296e+06  1.50501  9 
6.12859e-16  4.59369e-22  1.95768e+06  1.46738  9 
6.35699e-16  4.54482e-22  2.03064e+06  1.45177  9 
6.0549e-16  4.82116e-22  1.88664e+06  1.50222  10 
6.08879e-16  4.81028e-22  1.8972e+06  1.49883  10 
6.11344e-16  4.6734e-22  1.90488e+06  1.45618  10 
6.25285e-16  4.62358e-22  1.94832e+06  1.44066  10 
6.30138e-16  4.57986e-22  1.96344e+06  1.42703  10 
6.40382e-16  4.55418e-22  1.99536e+06  1.41903  10 
6.13501e-16  4.86372e-22  1.9116e+06  1.51548  11 
6.22435e-16  4.74778e-22  1.93944e+06  1.47936  11 
6.26441e-16  4.64905e-22  1.95192e+06  1.44859  11 
6.306e-16  4.63648e-22  1.96488e+06  1.44468  11 
6.16691e-16  4.76559e-22  1.96992e+06  1.52229  11 
6.17198e-16  4.82409e-22  1.92312e+06  1.50313  12 
6.34143e-16  4.67541e-22  1.97592e+06  1.45681  12 
6.1635e-16  6.50082e-22  1.92048e+06  2.02558  12 
6.26909e-16  4.71201e-22  2.00256e+06  1.50518  12 
6.32526e-16  4.8684e-22  1.97088e+06  1.51694  13 
6.5417e-16  4.69119e-22  2.03832e+06  1.46172  13 
1.0225e-15  9.311e-22  1.72992e+06  1.57528  14 
1.04392e-15  8.69827e-22  1.76616e+06  1.47161  14 
1.11102e-15  8.03181e-22  1.87968e+06  1.35886  14 
1.07882e-15  8.33083e-22  1.8252e+06  1.40945  14 
1.1411e-15  7.95484e-22  1.93056e+06  1.34584  14 
1.10464e-15  8.3097e-22  1.86888e+06  1.40587  14 

4.14568e-16  3.70487e-22  1.74336e+06  1.55799  0 
4.18449e-16  3.70279e-22  1.75968e+06  1.55711  0 
4.59427e-16  3.06389e-22  1.932e+06  1.28844  0 
4.56116e-16  3.20208e-22  1.91808e+06  1.34655  0 
4.38367e-16  3.23108e-22  1.84344e+06  1.35875  0 
4.33687e-16  3.40422e-22  1.82376e+06  1.43156  0 
4.30149e-16  3.42444e-22  1.80888e+06  1.44006  0 
4.29464e-16  3.63243e-22  1.806e+06  1.52752  0 
4.26097e-16  3.6909e-22  1.79184e+06  1.55211  0 
4.39109e-16  3.35327e-22  1.84656e+06  1.41013  1 
4.37283e-16  3.41274e-22  1.83888e+06  1.43514  1 
4.19534e-16  3.78166e-22  1.76424e+06  1.59028  1 
4.35399e-16  3.45602e-22  1.83096e+06  1.45334  1 
4.43618e-16  3.35318e-22  1.86552e+06  1.41009  1 
4.44017e-16  3.34745e-22  1.8672e+06  1.40768  1 
4.44816e-16  3.23894e-22  1.87056e+06  1.36205  1 
4.21017e-16  3.72148e-22  1.77048e+06  1.56497  1 
4.36655e-16  3.45324e-22  1.83624e+06  1.45217  1 
4.66504e-16  3.13582e-22  1.96176e+06  1.31869  1 
4.47042e-16  3.23833e-22  1.87992e+06  1.3618  1 
4.57201e-16  3.23361e-22  1.92264e+06  1.35981  1 
4.43275e-16  3.39627e-22  1.86408e+06  1.42821  2 
4.39394e-16  3.40618e-22  1.84776e+06  1.43238  2 
4.20561e-16  3.95165e-22  1.76856e+06  1.66176  2 
4.47327e-16  3.2889e-22  1.88112e+06  1.38306  2 
4.7358e-16  3.19267e-22  1.99152e+06  1.34259  2 
4.29065e-16  3.72995e-22  1.80432e+06  1.56854  2 
4.53948e-16  3.2447e-22  1.90896e+06  1.36447  2 
4.35457e-16  3.71757e-22  1.8312e+06  1.56333  2 
4.47613e-16  3.35028e-22  1.88232e+06  1.40887  3 
4.47727e-16  3.31999e-22  1.8828e+06  1.39614  3 
4.39851e-16  3.43485e-22  1.84968e+06  1.44444  3 
4.50238e-16  3.29323e-22  1.89336e+06  1.38488  3 
4.29635e-16  3.77537e-22  1.80672e+06  1.58763  3 
4.60853e-16  3.24543e-22  1.938e+06  1.36478  3 
4.42648e-16  3.65591e-22  1.86144e+06  1.5374  4 
4.52635e-16  3.37512e-22  1.90344e+06  1.41932  4 
4.48754e-16  3.42146e-22  1.88712e+06  1.43881  4 
4.48126e-16  3.63449e-22  1.88448e+06  1.52839  4 
4.57829e-16  3.36867e-22  1.92528e+06  1.41661  4 
4.63707e-16  3.27866e-22  1.95e+06  1.37876  4 
5.07139e-16  3.24781e-22  2.13264e+06  1.36578  4 
4.44988e-16  3.67681e-22  1.87128e+06  1.54619  5 
4.62223e-16  3.38468e-22  1.94376e+06  1.42334  5 
4.55888e-16  3.5844e-22  1.91712e+06  1.50733  5 
4.6502e-16  3.46793e-22  1.95552e+06  1.45835  6 
4.77233e-16  3.39733e-22  2.00688e+06  1.42866  6 
4.65191e-16  3.52477e-22  1.95624e+06  1.48225  7 
4.96751e-16  3.42283e-22  2.08896e+06  1.43938  7 
4.65305e-16  3.72115e-22  1.95672e+06  1.56483  8 
5.42159e-16  4.91483e-22  1.73184e+06  1.56996  9 
5.65074e-16  4.4221e-22  1.80504e+06  1.41257  9 
6.01814e-16  4.18e-22  1.9224e+06  1.33523  9 
5.76119e-16  4.41985e-22  1.84032e+06  1.41185  9 
5.71085e-16  4.41996e-22  1.82424e+06  1.41189  9 
5.68981e-16  4.42026e-22  1.81752e+06  1.41198  9 
5.84909e-16  4.37811e-22  1.8684e+06  1.39852  9 
5.86036e-16  4.26776e-22  1.872e+06  1.36327  9 
5.80534e-16  4.52795e-22  1.80888e+06  1.41086  10 
5.44263e-16  4.93136e-22  1.73856e+06  1.57524  10 
5.7657e-16  4.73641e-22  1.84176e+06  1.51297  10 
5.72513e-16  4.87413e-22  1.8288e+06  1.55696  10 
5.7687e-16  4.53967e-22  1.84272e+06  1.45012  10 
5.90319e-16  4.33007e-22  1.88568e+06  1.38317  10 
5.81528e-16  4.48565e-22  1.8576e+06  1.43287  10 
5.9385e-16  4.31934e-22  1.89696e+06  1.37974  10 
5.97682e-16  4.27191e-22  1.9092e+06  1.36459  10 
5.62971e-16  4.91559e-22  1.79832e+06  1.57021  10 
6.20202e-16  4.2811e-22  1.93248e+06  1.33394  11 
5.95939e-16  4.39289e-22  1.85688e+06  1.36878  11 
5.50198e-16  4.98139e-22  1.75752e+06  1.59123  11 
6.01485e-16  4.36949e-22  1.87416e+06  1.36149  11 
5.90995e-16  4.41605e-22  1.88784e+06  1.41064  11 
5.83407e-16  4.51041e-22  1.8636e+06  1.44078  11 
5.76945e-16  4.92571e-22  1.84296e+06  1.57344  11 
5.80702e-16  4.90392e-22  1.85496e+06  1.56648  11 
5.81228e-16  4.88138e-22  1.85664e+06  1.55928  11 
5.65745e-16  5.008e-22  1.7628e+06  1.56044  12 
5.65283e-16  5.05361e-22  1.76136e+06  1.57465  12 
5.91009e-16  4.53205e-22  1.84152e+06  1.41214  12 
5.90855e-16  4.60403e-22  1.84104e+06  1.43456  12 
6.34836e-16  4.29183e-22  1.97808e+06  1.33729  12 
6.11421e-16  4.43067e-22  1.90512e+06  1.38055  12 
5.84384e-16  4.73452e-22  1.86672e+06  1.51237  12 
5.86938e-16  4.69155e-22  1.87488e+06  1.49864  12 
5.83407e-16  4.86807e-22  1.8636e+06  1.55503  12 
5.92874e-16  4.45458e-22  1.89384e+06  1.42294  12 
6.20297e-16  4.3126e-22  1.98144e+06  1.37759  12 
5.93243e-16  4.51731e-22  1.84848e+06  1.40754  13 
6.21126e-16  4.31903e-22  1.93536e+06  1.34576  13 
5.8685e-16  4.91819e-22  1.82856e+06  1.53245  13 
5.65283e-16  5.06955e-22  1.76136e+06  1.57962  13 
5.70598e-16  5.01219e-22  1.77792e+06  1.56174  13 
5.91857e-16  4.53401e-22  1.84416e+06  1.41275  13 
5.68826e-16  5.04743e-22  1.7724e+06  1.57272  13 
5.96255e-16  4.46812e-22  1.90464e+06  1.42727  13 
6.17592e-16  4.4319e-22  1.9728e+06  1.4157  13 
5.97556e-16  4.52172e-22  1.86192e+06  1.40892  14 
5.70906e-16  5.09204e-22  1.77888e+06  1.58662  14 
6.06722e-16  4.48521e-22  1.89048e+06  1.39754  14 

4.14568e-16  3.70487e-22  1.74336e+06  1.55799  0 
4.18449e-16  3.70279e-22  1.75968e+06  1.55711  0 
4.59427e-16  3.06389e-22  1.932e+06  1.28844  0 
4.56116e-16  3.20208e-22  1.91808e+06  1.34655  0 
4.38367e-16  3.23108e-22  1.84344e+06  1.35875  0 
4.33687e-16  3.40422e-22  1.82376e+06  1.43156  0 
4.30149e-16  3.42444e-22  1.80888e+06  1.44006  0 
4.29464e-16  3.63243e-22  1.806e+06  1.52752  0 
4.26097e-16  3.6909e-22  1.79184e+06  1.55211  0 
4.39109e-16  3.35327e-22  1.84656e+06  1.41013  1 
4.37283e-16  3.41274e-22  1.83888e+06  1.43514  1 
4.19534e-16  3.78166e-22  1.76424e+06  1.59028  1 
4.35399e-16  3.45602e-22  1.83096e+06  1.45334  1 
4.43618e-16  3.35318e-22  1.86552e+06  1.41009  1 
4.44017e-16  3.34745e-22  1.8672e+06  1.40768  1 
4.44816e-16  3.23894e-22  1.87056e+06  1.36205  1 
4.21017e-16  3.72148e-22  1.77048e+06  1.56497  1 
4.36655e-16  3.45324e-22  1.83624e+06  1.45217  1 
4.66504e-16  3.13582e-22  1.96176e+06  1.31869  1 
4.47042e-16  3.23833e-22  1.87992e+06  1.3618  1 
4.57201e-16  3.23361e-22  1.92264e+06  1.35981  1 
4.43275e-16  3.39627e-22  1.86408e+06  1.42821  2 
4.39394e-16  3.40618e-22  1.84776e+06  1.43238  2 
4.20561e-16  3.95165e-22  1.76856e+06  1.66176  2 
4.47327e-16  3.2889e-22  1.88112e+06  1.38306  2 
4.7358e-16  3.19267e-22  1.99152e+06  1.34259  2 
4.29065e-16  3.72995e-22  1.80432e+06  1.56854  2 
4.53948e-16  3.2447e-22  1.90896e+06  1.36447  2 
4.35457e-16  3.71757e-22  1.8312e+06  1.56333  2 
4.47613e-16  3.35028e-22  1.88232e+06  1.40887  3 
4.47727e-16  3.31999e-22  1.8828e+06  1.39614  3 
4.39851e-16  3.43485e-22  1.84968e+06  1.44444  3 
4.50238e-16  3.29323e-22  1.89336e+06  1.38488  3 
4.29635e-16  3.77537e-22  1.80672e+06  1.58763  3 
4.60853e-16  3.24543e-22  1.938e+06  1.36478  3 
4.42648e-16  3.65591e-22  1.86144e+06  1.5374  4 
4.52635e-16  3.37512e-22  1.90344e+06  1.41932  4 
4.48754e-16  3.42146e-22  1.88712e+06  1.43881  4 
4.48126e-16  3.63449e-22  1.88448e+06  1.52839  4 
4.57829e-16  3.36867e-22  1.92528e+06  1.41661  4 
4.63707e-16  3.27866e-22  1.95e+06  1.37876  4 
5.07139e-16  3.24781e-22  2.13264e+06  1.36578  4 
4.44988e-16  3.67681e-22  1.87128e+06  1.54619  5 
4.62223e-16  3.38468e-22  1.94376e+06  1.42334  5 
4.55888e-16  3.5844e-22  1.91712e+06  1.50733  5 
4.6502e-16  3.46793e-22  1.95552e+06  1.45835  6 
4.77233e-16  3.39733e-22  2.00688e+06  1.42866  6 
4.65191e-16  3.52477e-22  1.95624e+06  1.48225  7 
4.96751e-16  3.42283e-22  2.08896e+06  1.43938  7 
4.65305e-16  3.72115e-22  1.95672e+06  1.56483  8 
5.42159e-16  4.91483e-22  1.73184e+06  1.56996  9 
5.65074e-16  4.4221e-22  1.80504e+06  1.41257  9 
6.01814e-16  4.18e-22  1.9224e+06  1.33523  9 
5.76119e-16  4.41985e-22  1.84032e+06  1.41185  9 
5.71085e-16  4.41996e-22  1.82424e+06  1.41189  9 
5.68981e-16  4.42026e-22  1.81752e+06  1.41198  9 
5.84909e-16  4.37811e-22  1.8684e+06  1.39852  9 
5.86036e-16  4.26776e-22  1.872e+06  1.36327  9 
5.80534e-16  4.52795e-22  1.80888e+06  1.41086  10 
5.44263e-16  4.93136e-22  1.73856e+06  1.57524  10 
5.7657e-16  4.73641e-22  1.84176e+06  1.51297  10 
5.72513e-16  4.87413e-22  1.8288e+06  1.55696  10 
5.7687e-16  4.53967e-22  1.84272e+06  1.45012  10 
5.90319e-16  4.33007e-22  1.88568e+06  1.38317  10 
5.81528e-16  4.48565e-22  1.8576e+06  1.43287  10 
5.9385e-16  4.31934e-22  1.89696e+06  1.37974  10 
5.97682e-16  4.27191e-22  1.9092e+06  1.36459  10 
5.62971e-16  4.91559e-22  1.79832e+06  1.57021  10 
6.20202e-16  4.2811e-22  1.93248e+06  1.33394  11 
5.95939e-16  4.39289e-22  1.85688e+06  1.36878  11 
5.50198e-16  4.98139e-22  1.75752e+06  1.59123  11 
6.01485e-16  4.36949e-22  1.87416e+06  1.36149  11 
5.90995e-16  4.41605e-22  1.88784e+06  1.41064  11 
5.83407e-16  4.51041e-22  1.8636e+06  1.44078  11 
5.76945e-16  4.92571e-22  1.84296e+06  1.57344  11 
5.80702e-16  4.90392e-22  1.85496e+06  1.56648  11 
5.81228e-16  4.88138e-22  1.85664e+06  1.55928  11 
5.65745e-16  5.008e-22  1.7628e+06  1.56044  12 
5.65283e-16  5.05361e-22  1.76136e+06  1.57465  12 
5.91009e-16  4.53205e-22  1.84152e+06  1.41214  12 
5.90855e-16  4.60403e-22  1.84104e+06  1.43456  12 
6.34836e-16  4.29183e-22  1.97808e+06  1.33729  12 
6.11421e-16  4.43067e-22  1.90512e+06  1.38055  12 
5.84384e-16  4.73452e-22  1.86672e+06  1.51237  12 
5.86938e-16  4.69155e-22  1.87488e+06  1.49864  12 
5.83407e-16  4.86807e-22  1.8636e+06  1.55503  12 
5.92874e-16  4.45458e-22  1.89384e+06  1.42294  12 
6.20297e-16  4.3126e-22  1.98144e+06  1.37759  12 
5.93243e-16  4.51731e-22  1.84848e+06  1.40754  13 
6.21126e-16  4.31903e-22  1.93536e+06  1.34576  13 
5.8685e-16  4.91819e-22  1.82856e+06  1.53245  13 
5.65283e-16  5.06955e-22  1.76136e+06  1.57962  13 
5.70598e-16  5.01219e-22  1.77792e+06  1.56174  13 
5.91857e-16  4.53401e-22  1.84416e+06  1.41275  13 
5.68826e-16  5.04743e-22  1.7724e+06  1.57272  13 
5.96255e-16  4.46812e-22  1.90464e+06  1.42727  13 
6.17592e-16  4.4319e-22  1.9728e+06  1.4157  13 
5.97556e-16  4.52172e-22  1.86192e+06  1.40892  14 
5.70906e-16  5.09204e-22  1.77888e+06  1.58662  14 
6.06722e-16  4.48521e-22  1.89048e+06  1.39754  14 

4.14568e-16  3.70487e-22  1.74336e+06  1.55799  0 
4.18449e-16  3.70279e-22  1.75968e+06  1.55711  0 
4.59427e-16  3.06389e-22  1.932e+06  1.28844  0 
4.56116e-16  3.20208e-22  1.91808e+06  1.34655  0 
4.38367e-16  3.23108e-22  1.84344e+06  1.35875  0 
4.33687e-16  3.40422e-22  1.82376e+06  1.43156  0 
4.30149e-16  3.42444e-22  1.80888e+06  1.44006  0 
4.29464e-16  3.63243e-22  1.806e+06  1.52752  0 
4.26097e-16  3.6909e-22  1.79184e+06  1.55211  0 
4.39109e-16  3.35327e-22  1.84656e+06  1.41013  1 
4.37283e-16  3.41274e-22  1.83888e+06  1.43514  1 
4.19534e-16  3.78166e-22  1.76424e+06  1.59028  1 
4.35399e-16  3.45602e-22  1.83096e+06  1.45334  1 
4.43618e-16  3.35318e-22  1.86552e+06  1.41009  1 
4.44017e-16  3.34745e-22  1.8672e+06  1.40768  1 
4.44816e-16  3.23894e-22  1.87056e+06  1.36205  1 
4.21017e-16  3.72148e-22  1.77048e+06  1.56497  1 
4.36655e-16  3.45324e-22  1.83624e+06  1.45217  1 
4.66504e-16  3.13582e-22  1.96176e+06  1.31869  1 
4.47042e-16  3.23833e-22  1.87992e+06  1.3618  1 
4.57201e-16  3.23361e-22  1.92264e+06  1.35981  1 
4.43275e-16  3.39627e-22  1.86408e+06  1.42821  2 
4.39394e-16  3.40618e-22  1.84776e+06  1.43238  2 
4.20561e-16  3.95165e-22  1.76856e+06  1.66176  2 
4.47327e-16  3.2889e-22  1.88112e+06  1.38306  2 
4.7358e-16  3.19267e-22  1.99152e+06  1.34259  2 
4.29065e-16  3.72995e-22  1.80432e+06  1.56854  2 
4.53948e-16  3.2447e-22  1.90896e+06  1.36447  2 
4.35457e-16  3.71757e-22  1.8312e+06  1.56333  2 
4.47613e-16  3.35028e-22  1.88232e+06  1.40887  3 
4.47727e-16  3.31999e-22  1.8828e+06  1.39614  3 
4.39851e-16  3.43485e-22  1.84968e+06  1.44444  3 
4.50238e-16  3.29323e-22  1.89336e+06  1.38488  3 
4.29635e-16  3.77537e-22  1.80672e+06  1.58763  3 
4.60853e-16  3.24543e-22  1.938e+06  1.36478  3 
4.42648e-16  3.65591e-22  1.86144e+06  1.5374  4 
4.52635e-16  3.37512e-22  1.90344e+06  1.41932  4 
4.48754e-16  3.42146e-22  1.88712e+06  1.43881  4 
4.48126e-16  3.63449e-22  1.88448e+06  1.52839  4 
4.57829e-16  3.36867e-22  1.92528e+06  1.41661  4 
4.63707e-16  3.27866e-22  1.95e+06  1.37876  4 
5.07139e-16  3.24781e-22  2.13264e+06  1.36578  4 
4.44988e-16  3.67681e-22  1.87128e+06  1.54619  5 
4.62223e-16  3.38468e-22  1.94376e+06  1.42334  5 
4.55888e-16  3.5844e-22  1.91712e+06  1.50733  5 
4.6502e-16  3.46793e-22  1.95552e+06  1.45835  6 
4.77233e-16  3.39733e-22  2.00688e+06  1.42866  6 
4.65191e-16  3.52477e-22  1.95624e+06  1.48225  7 
4.96751e-16  3.42283e-22  2.08896e+06  1.43938  7 
4.65305e-16  3.72115e-22  1.95672e+06  1.56483  8 
5.42159e-16  4.91483e-22  1.73184e+06  1.56996  9 
5.65074e-16  4.4221e-22  1.80504e+06  1.41257  9 
6.01814e-16  4.18e-22  1.9224e+06  1.33523  9 
5.76119e-16  4.41985e-22  1.84032e+06  1.41185  9 
5.71085e-16  4.41996e-22  1.82424e+06  1.41189  9 
5.68981e-16  4.42026e-22  1.81752e+06  1.41198  9 
5.84909e-16  4.37811e-22  1.8684e+06  1.39852  9 
5.86036e-16  4.26776e-22  1.872e+06  1.36327  9 
5.80534e-16  4.52795e-22  1.80888e+06  1.41086  10 
5.44263e-16  4.93136e-22  1.73856e+06  1.57524  10 
5.7657e-16  4.73641e-22  1.84176e+06  1.51297  10 
5.72513e-16  4.87413e-22  1.8288e+06  1.55696  10 
5.7687e-16  4.53967e-22  1.84272e+06  1.45012  10 
5.90319e-16  4.33007e-22  1.88568e+06  1.38317  10 
5.81528e-16  4.48565e-22  1.8576e+06  1.43287  10 
5.9385e-16  4.31934e-22  1.89696e+06  1.37974  10 
5.97682e-16  4.27191e-22  1.9092e+06  1.36459  10 
5.62971e-16  4.91559e-22  1.79832e+06  1.57021  10 
6.20202e-16  4.2811e-22  1.93248e+06  1.33394  11 
5.95939e-16  4.39289e-22  1.85688e+06  1.36878  11 
5.50198e-16  4.98139e-22  1.75752e+06  1.59123  11 
6.01485e-16  4.36949e-22  1.87416e+06  1.36149  11 
5.90995e-16  4.41605e-22  1.88784e+06  1.41064  11 
5.83407e-16  4.51041e-22  1.8636e+06  1.44078  11 
5.76945e-16  4.92571e-22  1.84296e+06  1.57344  11 
5.80702e-16  4.90392e-22  1.85496e+06  1.56648  11 
5.81228e-16  4.88138e-22  1.85664e+06  1.55928  11 
5.65745e-16  5.008e-22  1.7628e+06  1.56044  12 
5.65283e-16  5.05361e-22  1.76136e+06  1.57465  12 
5.91009e-16  4.53205e-22  1.84152e+06  1.41214  12 
5.90855e-16  4.60403e-22  1.84104e+06  1.43456  12 
6.34836e-16  4.29183e-22  1.97808e+06  1.33729  12 
6.11421e-16  4.43067e-22  1.90512e+06  1.38055  12 
5.84384e-16  4.73452e-22  1.86672e+06  1.51237  12 
5.86938e-16  4.69155e-22  1.87488e+06  1.49864  12 
5.83407e-16  4.86807e-22  1.8636e+06  1.55503  12 
5.92874e-16  4.45458e-22  1.89384e+06  1.42294  12 
6.20297e-16  4.3126e-22  1.98144e+06  1.37759  12 
5.93243e-16  4.51731e-22  1.84848e+06  1.40754  13 
6.21126e-16  4.31903e-22  1.93536e+06  1.34576  13 
5.8685e-16  4.91819e-22  1.82856e+06  1.53245  13 
5.65283e-16  5.06955e-22  1.76136e+06  1.57962  13 
5.70598e-16  5.01219e-22  1.77792e+06  1.56174  13 
5.91857e-16  4.53401e-22  1.84416e+06  1.41275  13 
5.68826e-16  5.04743e-22  1.7724e+06  1.57272  13 
5.96255e-16  4.46812e-22  1.90464e+06  1.42727  13 
6.17592e-16  4.4319e-22  1.9728e+06  1.4157  13 
5.97556e-16  4.52172e-22  1.86192e+06  1.40892  14 
5.70906e-16  5.09204e-22  1.77888e+06  1.58662  14 
6.06722e-16  4.48521e-22  1.89048e+06  1.39754  14 

4.14568e-16  3.70487e-22  1.74336e+06  1.55799  0 
4.18449e-16  3.70279e-22  1.75968e+06  1.55711  0 
4.59427e-16  3.06389e-22  1.932e+06  1.28844  0 
4.56116e-16  3.20208e-22  1.91808e+06  1.34655  0 
4.38367e-16  3.23108e-22  1.84344e+06  1.35875  0 
4.33687e-16  3.40422e-22  1.82376e+06  1.43156  0 
4.30149e-16  3.42444e-22  1.80888e+06  1.44006  0 
4.29464e-16  3.63243e-22  1.806e+06  1.52752  0 
4.26097e-16  3.6909e-22  1.79184e+06  1.55211  0 
4.39109e-16  3.35327e-22  1.84656e+06  1.41013  1 
4.37283e-16  3.41274e-22  1.83888e+06  1.43514  1 
4.19534e-16  3.78166e-22  1.76424e+06  1.59028  1 
4.35399e-16  3.45602e-22  1.83096e+06  1.45334  1 
4.43618e-16  3.35318e-22  1.86552e+06  1.41009  1 
4.44017e-16  3.34745e-22  1.8672e+06  1.40768  1 
4.44816e-16  3.23894e-22  1.87056e+06  1.36205  1 
4.21017e-16  3.72148e-22  1.77048e+06  1.56497  1 
4.36655e-16  3.45324e-22  1.83624e+06  1.45217  1 
4.66504e-16  3.13582e-22  1.96176e+06  1.31869  1 
4.47042e-16  3.23833e-22  1.87992e+06  1.3618  1 
4.57201e-16  3.23361e-22  1.92264e+06  1.35981  1 
4.43275e-16  3.39627e-22  1.86408e+06  1.42821  2 
4.39394e-16  3.40618e-22  1.84776e+06  1.43238  2 
4.20561e-16  3.95165e-22  1.76856e+06  1.66176  2 
4.47327e-16  3.2889e-22  1.88112e+06  1.38306  2 
4.7358e-16  3.19267e-22  1.99152e+06  1.34259  2 
4.29065e-16  3.72995e-22  1.80432e+06  1.56854  2 
4.53948e-16  3.2447e-22  1.90896e+06  1.36447  2 
4.35457e-16  3.71757e-22  1.8312e+06  1.56333  2 
4.47613e-16  3.35028e-22  1.88232e+06  1.40887  3 
4.47727e-16  3.31999e-22  1.8828e+06  1.39614  3 
4.39851e-16  3.43485e-22  1.84968e+06  1.44444  3 
4.50238e-16  3.29323e-22  1.89336e+06  1.38488  3 
4.29635e-16  3.77537e-22  1.80672e+06  1.58763  3 
4.60853e-16  3.24543e-22  1.938e+06  1.36478  3 
4.42648e-16  3.65591e-22  1.86144e+06  1.5374  4 
4.52635e-16  3.37512e-22  1.90344e+06  1.41932  4 
4.48754e-16  3.42146e-22  1.88712e+06  1.43881  4 
4.48126e-16  3.63449e-22  1.88448e+06  1.52839  4 
4.57829e-16  3.36867e-22  1.92528e+06  1.41661  4 
4.63707e-16  3.27866e-22  1.95e+06  1.37876  4 
5.07139e-16  3.24781e-22  2.13264e+06  1.36578  4 
4.44988e-16  3.67681e-22  1.87128e+06  1.54619  5 
4.62223e-16  3.38468e-22  1.94376e+06  1.42334  5 
4.55888e-16  3.5844e-22  1.91712e+06  1.50733  5 
4.6502e-16  3.46793e-22  1.95552e+06  1.45835  6 
4.77233e-16  3.39733e-22  2.00688e+06  1.42866  6 
4.65191e-16  3.52477e-22  1.95624e+06  1.48225  7 
4.96751e-16  3.42283e-22  2.08896e+06  1.43938  7 
4.65305e-16  3.72115e-22  1.95672e+06  1.56483  8 
5.42159e-16  4.91483e-22  1.73184e+06  1.56996  9 
5.65074e-16  4.4221e-22  1.80504e+06  1.41257  9 
6.01814e-16  4.18e-22  1.9224e+06  1.33523  9 
5.76119e-16  4.41985e-22  1.84032e+06  1.41185  9 
5.71085e-16  4.41996e-22  1.82424e+06  1.41189  9 
5.68981e-16  4.42026e-22  1.81752e+06  1.41198  9 
5.84909e-16  4.37811e-22  1.8684e+06  1.39852  9 
5.86036e-16  4.26776e-22  1.872e+06  1.36327  9 
5.80534e-16  4.52795e-22  1.80888e+06  1.41086  10 
5.44263e-16  4.93136e-22  1.73856e+06  1.57524  10 
5.7657e-16  4.73641e-22  1.84176e+06  1.51297  10 
5.72513e-16  4.87413e-22  1.8288e+06  1.55696  10 
5.7687e-16  4.53967e-22  1.84272e+06  1.45012  10 
5.90319e-16  4.33007e-22  1.88568e+06  1.38317  10 
5.81528e-16  4.48565e-22  1.8576e+06  1.43287  10 
5.9385e-16  4.31934e-22  1.89696e+06  1.37974  10 
5.97682e-16  4.27191e-22  1.9092e+06  1.36459  10 
5.62971e-16  4.91559e-22  1.79832e+06  1.57021  10 
6.20202e-16  4.2811e-22  1.93248e+06  1.33394  11 
5.95939e-16  4.39289e-22  1.85688e+06  1.36878  11 
5.50198e-16  4.98139e-22  1.75752e+06  1.59123  11 
6.01485e-16  4.36949e-22  1.87416e+06  1.36149  11 
5.90995e-16  4.41605e-22  1.88784e+06  1.41064  11 
5.83407e-16  4.51041e-22  1.8636e+06  1.44078  11 
5.76945e-16  4.92571e-22  1.84296e+06  1.57344  11 
5.80702e-16  4.90392e-22  1.85496e+06  1.56648  11 
5.81228e-16  4.88138e-22  1.85664e+06  1.55928  11 
5.65745e-16  5.008e-22  1.7628e+06  1.56044  12 
5.65283e-16  5.05361e-22  1.76136e+06  1.57465  12 
5.91009e-16  4.53205e-22  1.84152e+06  1.41214  12 
5.90855e-16  4.60403e-22  1.84104e+06  1.43456  12 
6.34836e-16  4.29183e-22  1.97808e+06  1.33729  12 
6.11421e-16  4.43067e-22  1.90512e+06  1.38055  12 
5.84384e-16  4.73452e-22  1.86672e+06  1.51237  12 
5.86938e-16  4.69155e-22  1.87488e+06  1.49864  12 
5.83407e-16  4.86807e-22  1.8636e+06  1.55503  12 
5.92874e-16  4.45458e-22  1.89384e+06  1.42294  12 
6.20297e-16  4.3126e-22  1.98144e+06  1.37759  12 
5.93243e-16  4.51731e-22  1.84848e+06  1.40754  13 
6.21126e-16  4.31903e-22  1.93536e+06  1.34576  13 
5.8685e-16  4.91819e-22  1.82856e+06  1.53245  13 
5.65283e-16  5.06955e-22  1.76136e+06  1.57962  13 
5.70598e-16  5.01219e-22  1.77792e+06  1.56174  13 
5.91857e-16  4.53401e-22  1.84416e+06  1.41275  13 
5.68826e-16  5.04743e-22  1.7724e+06  1.57272  13 
5.96255e-16  4.46812e-22  1.90464e+06  1.42727  13 
6.17592e-16  4.4319e-22  1.9728e+06  1.4157  13 
5.97556e-16  4.52172e-22  1.86192e+06  1.40892  14 
5.70906e-16  5.09204e-22  1.77888e+06  1.58662  14 
6.06722e-16  4.48521e-22  1.89048e+06  1.39754  14 

