4.3344e+18  4.3344e+18  4.3344e+18  4.3344e+18  0 
4.98879e+12  4.98879e+12  4.98879e+12  4.98879e+12  0 
9.94758e+19  9.94758e+19  9.94758e+19  9.94758e+19  0 
2.68257e+12  2.68257e+12  2.68257e+12  2.68257e+12  0 
4.39204e+12  4.39204e+12  4.39204e+12  4.39204e+12  0 
2.55088e+12  2.55088e+12  2.55088e+12  2.55088e+12  0 
3.51028e+12  3.51028e+12  3.51028e+12  3.51028e+12  0 
3.35901e+12  3.35901e+12  3.35901e+12  3.35901e+12  0 
2.66848e+12  2.66847e+12  2.66848e+12  2.66847e+12  0 
1.55124e+12  1.55123e+12  1.55124e+12  1.55123e+12  0 
3.06618e+17  3.06618e+17  3.06618e+17  3.06618e+17  0 
6.3614e+12  6.3614e+12  6.3614e+12  6.3614e+12  0 
1.95472e+12  1.95471e+12  1.95472e+12  1.95471e+12  0 
4.3155e+12  4.3155e+12  4.3155e+12  4.3155e+12  0 
6.98154e+18  6.98154e+18  6.98154e+18  6.98154e+18  0 
2.78759e+13  2.78759e+13  2.78759e+13  2.78759e+13  0 
8.70437e+18  8.70437e+18  8.70437e+18  8.70437e+18  0 
3.41552e+12  3.41552e+12  3.41552e+12  3.41552e+12  0 
3.93264e+12  3.93264e+12  3.93264e+12  3.93264e+12  0 
1.40835e+12  1.40835e+12  1.40835e+12  1.40835e+12  0 
9.47056e+12  9.47056e+12  9.47056e+12  9.47056e+12  0 
2.46304e+19  2.46304e+19  2.46304e+19  2.46304e+19  0 
8.93302e+18  8.93302e+18  8.93302e+18  8.93302e+18  0 
9.40167e+12  9.40167e+12  9.40167e+12  9.40167e+12  0 
3.10543e+12  3.10543e+12  3.10543e+12  3.10543e+12  0 
4.73048e+12  4.73047e+12  4.73048e+12  4.73047e+12  0 
4.10925e+12  4.10925e+12  4.10925e+12  4.10925e+12  0 
1.82035e+12  1.82035e+12  1.82035e+12  1.82035e+12  0 
3.09701e+12  3.09701e+12  3.09701e+12  3.09701e+12  0 
3.90808e+12  3.90808e+12  3.90808e+12  3.90808e+12  0 
3.49846e+12  3.49845e+12  3.49846e+12  3.49845e+12  0 
3.83278e+12  3.83278e+12  3.83278e+12  3.83278e+12  0 
4.57593e+12  4.57593e+12  4.57593e+12  4.57593e+12  0 
2.97773e+12  2.97772e+12  2.97773e+12  2.97772e+12  0 
5.7102e+11  5.71018e+11  5.7102e+11  5.71018e+11  0 
1.16415e+12  1.16415e+12  1.16415e+12  1.16415e+12  0 
3.16878e+18  3.16878e+18  3.16878e+18  3.16878e+18  0 
3.28477e+12  3.28477e+12  3.28477e+12  3.28477e+12  0 
4.49373e+12  4.49373e+12  4.49373e+12  4.49373e+12  0 
2.56378e+12  2.56378e+12  2.56378e+12  2.56378e+12  0 
6.15938e+12  6.15938e+12  6.15938e+12  6.15938e+12  0 
1.81451e+12  1.81451e+12  1.81451e+12  1.81451e+12  0 
3.1011e+18  3.1011e+18  3.1011e+18  3.1011e+18  0 
2.89239e+18  2.89239e+18  2.89239e+18  2.89239e+18  0 
2.78821e+12  2.7882e+12  2.78821e+12  2.7882e+12  0 
2.68576e+12  2.68576e+12  2.68576e+12  2.68576e+12  0 
1.44133e+19  1.44133e+19  1.44133e+19  1.44133e+19  0 
2.24779e+12  2.24779e+12  2.24779e+12  2.24779e+12  0 
5.79555e+11  5.79553e+11  5.79555e+11  5.79553e+11  0 
2.77164e+12  2.77164e+12  2.77164e+12  2.77164e+12  0 
4.81126e+12  4.81126e+12  4.81126e+12  4.81126e+12  0 
4.69237e+12  4.69237e+12  4.69237e+12  4.69237e+12  0 
2.67033e+12  2.67033e+12  2.67033e+12  2.67033e+12  0 
1.54664e+12  1.54664e+12  1.54664e+12  1.54664e+12  0 
5.26011e+12  5.26011e+12  5.26011e+12  5.26011e+12  0 
2.36346e+12  2.36346e+12  2.36346e+12  2.36346e+12  0 
1.67417e+19  1.67417e+19  1.67417e+19  1.67417e+19  0 
6.84606e+18  6.84606e+18  6.84606e+18  6.84606e+18  0 
5.96761e+12  5.96761e+12  5.96761e+12  5.96761e+12  0 
1.37834e+17  1.37834e+17  1.37834e+17  1.37834e+17  0 
2.11028e+12  2.11027e+12  2.11028e+12  2.11027e+12  0 
5.31073e+12  5.31073e+12  5.31073e+12  5.31073e+12  0 
2.6598e+12  2.6598e+12  2.6598e+12  2.6598e+12  0 
1.63643e+12  1.63643e+12  1.63643e+12  1.63643e+12  0 
1.87019e+12  1.87019e+12  1.87019e+12  1.87019e+12  0 
1.71662e+12  1.71662e+12  1.71662e+12  1.71662e+12  0 
5.15884e+12  5.15884e+12  5.15884e+12  5.15884e+12  0 
3.31203e+12  3.31203e+12  3.31203e+12  3.31203e+12  0 
3.74974e+12  3.74974e+12  3.74974e+12  3.74974e+12  0 
1.94569e+12  1.94569e+12  1.94569e+12  1.94569e+12  0 
2.63333e+12  2.63333e+12  2.63333e+12  2.63333e+12  0 
1.84813e+12  1.84813e+12  1.84813e+12  1.84813e+12  0 
7.07183e+11  7.07181e+11  7.07183e+11  7.07181e+11  0 
3.18353e+12  3.18353e+12  3.18353e+12  3.18353e+12  0 
1.50648e+12  1.50648e+12  1.50648e+12  1.50648e+12  0 
2.09421e+12  2.09421e+12  2.09421e+12  2.09421e+12  0 
2.98871e+12  2.98871e+12  2.98871e+12  2.98871e+12  0 
3.69648e+12  3.69648e+12  3.69648e+12  3.69648e+12  0 
6.01608e+12  6.01607e+12  6.01608e+12  6.01607e+12  0 
4.69377e+12  4.69377e+12  4.69377e+12  4.69377e+12  0 
1.19126e+12  1.19126e+12  1.19126e+12  1.19126e+12  0 
3.74212e+12  3.74212e+12  3.74212e+12  3.74212e+12  0 
2.06679e+18  2.06679e+18  2.06679e+18  2.06679e+18  0 
3.42105e+12  3.42105e+12  3.42105e+12  3.42105e+12  0 
3.00671e+12  3.00671e+12  3.00671e+12  3.00671e+12  0 
3.65989e+12  3.65989e+12  3.65989e+12  3.65989e+12  0 
5.44113e+12  5.44113e+12  5.44113e+12  5.44113e+12  0 
1.40646e+12  1.40646e+12  1.40646e+12  1.40646e+12  0 
2.30609e+19  2.30609e+19  2.30609e+19  2.30609e+19  0 
2.8699e+12  2.8699e+12  2.8699e+12  2.8699e+12  0 
2.64593e+12  2.64593e+12  2.64593e+12  2.64593e+12  0 
2.1738e+12  2.1738e+12  2.1738e+12  2.1738e+12  0 
2.58108e+19  2.58108e+19  2.58108e+19  2.58108e+19  0 
4.14608e+12  4.14608e+12  4.14608e+12  4.14608e+12  0 
2.34866e+12  2.34865e+12  2.34866e+12  2.34865e+12  0 
9.87336e+11  9.87334e+11  9.87336e+11  9.87334e+11  0 
3.58462e+12  3.58462e+12  3.58462e+12  3.58462e+12  0 
4.64132e+12  4.64132e+12  4.64132e+12  4.64132e+12  0 
4.44738e+18  4.44738e+18  4.44738e+18  4.44738e+18  0 
2.2264e+12  2.2264e+12  2.2264e+12  2.2264e+12  0 

8.23723e-17  1.06771e-22  1.8132e+06  2.35026  0 
8.53706e-17  1.06471e-22  1.8792e+06  2.34367  0 
9.40603e-17  5.76022e-23  2.07048e+06  1.26795  0 
8.94592e-17  5.79399e-23  1.9692e+06  1.27539  0 
8.88269e-17  6.01698e-23  1.95528e+06  1.32447  0 
8.56432e-17  6.21017e-23  1.8852e+06  1.367  0 
8.5665e-17  7.44943e-23  1.88568e+06  1.63979  1 
8.71587e-17  6.94345e-23  1.91856e+06  1.52841  1 
9.1062e-17  5.86112e-23  2.00448e+06  1.29017  1 
9.09202e-17  6.03162e-23  2.00136e+06  1.3277  1 
8.79982e-17  6.34431e-23  1.93704e+06  1.39653  1 
8.94047e-17  6.2682e-23  1.968e+06  1.37977  1 
9.48235e-17  5.80414e-23  2.08728e+06  1.27762  1 
8.67008e-17  8.30126e-23  1.90848e+06  1.82729  2 
9.10947e-17  6.00975e-23  2.0052e+06  1.32288  2 
8.73331e-17  6.95419e-23  1.9224e+06  1.53077  2 
8.84671e-17  6.80466e-23  1.94736e+06  1.49786  2 
8.88596e-17  6.54871e-23  1.956e+06  1.44152  2 
9.00044e-17  6.33455e-23  1.9812e+06  1.39438  2 
9.0386e-17  6.30225e-23  1.9896e+06  1.38727  2 
9.5445e-17  5.92998e-23  2.10096e+06  1.30532  2 
8.77148e-17  6.95622e-23  1.9308e+06  1.53122  3 
9.25993e-17  6.01521e-23  2.03832e+06  1.32408  3 
8.8925e-17  6.85961e-23  1.95744e+06  1.50996  3 
8.97318e-17  6.80743e-23  1.9752e+06  1.49847  3 
9.11601e-17  6.56371e-23  2.00664e+06  1.44482  3 
9.17925e-17  6.3606e-23  2.02056e+06  1.40011  3 
9.58157e-17  5.94838e-23  2.10912e+06  1.30937  3 
9.20214e-17  6.21773e-23  2.0256e+06  1.36866  3 
8.84889e-17  7.02306e-23  1.94784e+06  1.54594  4 
8.95028e-17  6.98589e-23  1.97016e+06  1.53775  4 
9.2861e-17  6.3726e-23  2.04408e+06  1.40275  4 
9.76256e-17  6.31127e-23  2.14896e+06  1.38925  4 
8.85325e-17  9.14323e-23  1.9488e+06  2.01263  5 
8.90231e-17  9.11044e-23  1.9596e+06  2.00541  5 
8.92085e-17  9.0368e-23  1.96368e+06  1.9892  5 
8.92412e-17  7.14842e-23  1.9644e+06  1.57353  5 
8.96664e-17  7.05434e-23  1.97376e+06  1.55282  5 
9.49871e-17  6.57592e-23  2.09088e+06  1.44751  5 
9.55976e-17  6.46119e-23  2.10432e+06  1.42225  5 
9.02661e-17  8.50659e-23  1.98696e+06  1.87249  6 
9.08875e-17  8.14757e-23  2.00064e+06  1.79346  6 
9.62518e-17  6.63405e-23  2.11872e+06  1.4603  6 
1.45636e-16  9.82957e-23  1.96296e+06  1.32488  7 
1.40009e-16  1.74002e-22  1.88712e+06  2.34529  7 
1.4585e-16  9.82658e-23  1.96584e+06  1.32448  7 
1.40953e-16  1.35627e-22  1.89984e+06  1.82806  7 
1.41772e-16  1.05198e-22  1.91088e+06  1.41791  7 
1.43784e-16  1.03173e-22  1.938e+06  1.39062  7 
1.50533e-16  9.56336e-23  2.02896e+06  1.289  7 
1.41914e-16  1.21142e-22  1.9128e+06  1.63281  8 
1.42253e-16  1.1476e-22  1.91736e+06  1.54679  8 
1.48788e-16  9.95149e-23  2.00544e+06  1.34132  8 
1.44016e-16  1.11278e-22  1.94112e+06  1.49987  8 
1.50782e-16  9.70891e-23  2.03232e+06  1.30862  8 
1.45956e-16  1.04827e-22  1.96728e+06  1.41292  8 
1.46704e-16  1.03881e-22  1.97736e+06  1.40017  8 
1.47114e-16  1.03592e-22  1.98288e+06  1.39627  8 
1.55269e-16  9.70083e-23  2.0928e+06  1.30753  8 
1.57406e-16  9.69535e-23  2.1216e+06  1.30679  8 
1.42644e-16  1.19979e-22  1.92264e+06  1.61714  9 
1.44461e-16  1.13205e-22  1.94712e+06  1.52585  9 
1.47523e-16  1.07239e-22  1.9884e+06  1.44542  9 
1.55198e-16  9.77938e-23  2.09184e+06  1.31812  9 
1.49642e-16  1.02292e-22  2.01696e+06  1.37875  9 
1.52331e-16  1.02067e-22  2.0532e+06  1.37572  9 
1.45155e-16  1.48903e-22  1.95648e+06  2.007  10 
1.46811e-16  1.43862e-22  1.9788e+06  1.93905  10 
1.47684e-16  1.30161e-22  1.99056e+06  1.75438  10 
1.48129e-16  1.09896e-22  1.99656e+06  1.48123  10 
1.48485e-16  1.08056e-22  2.00136e+06  1.45643  10 
1.50408e-16  1.06865e-22  2.02728e+06  1.44038  10 
1.52206e-16  1.06061e-22  2.05152e+06  1.42954  10 
1.52242e-16  1.04054e-22  2.052e+06  1.4025  10 
1.58741e-16  1.02603e-22  2.1396e+06  1.38294  10 
1.4852e-16  1.35126e-22  2.00184e+06  1.8213  11 
1.50087e-16  1.18446e-22  2.02296e+06  1.59648  11 
1.5461e-16  1.09888e-22  2.08392e+06  1.48113  11 
1.54681e-16  1.06647e-22  2.08488e+06  1.43745  11 
1.50123e-16  1.33347e-22  2.02344e+06  1.79732  12 
1.53506e-16  1.24043e-22  2.06904e+06  1.67192  12 
1.54859e-16  1.07598e-22  2.08728e+06  1.45027  12 
1.50746e-16  1.45518e-22  2.03184e+06  1.96137  13 
1.57477e-16  1.10227e-22  2.12256e+06  1.4857  13 
2.63872e-16  1.61538e-22  2.06664e+06  1.26516  14 
2.41196e-16  1.80237e-22  1.88904e+06  1.41161  14 
2.52289e-16  1.63274e-22  1.97592e+06  1.27876  14 
2.66324e-16  1.62215e-22  2.08584e+06  1.27046  15 
2.4708e-16  2.47615e-22  1.93512e+06  1.93932  15 
2.56181e-16  1.7139e-22  2.0064e+06  1.34232  15 
2.4901e-16  1.91417e-22  1.95024e+06  1.49918  15 
2.5851e-16  1.69611e-22  2.02464e+06  1.32839  15 
2.51615e-16  1.84187e-22  1.97064e+06  1.44255  15 
2.53178e-16  1.77565e-22  1.98288e+06  1.39069  15 
2.64332e-16  1.64818e-22  2.07024e+06  1.29085  15 
2.47141e-16  2.5397e-22  1.9356e+06  1.98909  16 
2.50726e-16  2.32677e-22  1.96368e+06  1.82232  16 
2.51584e-16  1.95722e-22  1.9704e+06  1.53289  16 
2.53331e-16  1.77681e-22  1.98408e+06  1.3916  16 
2.65343e-16  1.66876e-22  2.07816e+06  1.30697  16 

8.23723e-17  1.06771e-22  1.8132e+06  2.35026  0 
8.53706e-17  1.06471e-22  1.8792e+06  2.34367  0 
9.40603e-17  5.76022e-23  2.07048e+06  1.26795  0 
8.94592e-17  5.79399e-23  1.9692e+06  1.27539  0 
8.88269e-17  6.01698e-23  1.95528e+06  1.32447  0 
8.56432e-17  6.21017e-23  1.8852e+06  1.367  0 
8.5665e-17  7.44943e-23  1.88568e+06  1.63979  1 
8.71587e-17  6.94345e-23  1.91856e+06  1.52841  1 
9.1062e-17  5.86112e-23  2.00448e+06  1.29017  1 
9.09202e-17  6.03162e-23  2.00136e+06  1.3277  1 
8.79982e-17  6.34431e-23  1.93704e+06  1.39653  1 
8.94047e-17  6.2682e-23  1.968e+06  1.37977  1 
9.48235e-17  5.80414e-23  2.08728e+06  1.27762  1 
8.67008e-17  8.30126e-23  1.90848e+06  1.82729  2 
9.10947e-17  6.00975e-23  2.0052e+06  1.32288  2 
8.73331e-17  6.95419e-23  1.9224e+06  1.53077  2 
8.84671e-17  6.80466e-23  1.94736e+06  1.49786  2 
8.88596e-17  6.54871e-23  1.956e+06  1.44152  2 
9.00044e-17  6.33455e-23  1.9812e+06  1.39438  2 
9.0386e-17  6.30225e-23  1.9896e+06  1.38727  2 
9.5445e-17  5.92998e-23  2.10096e+06  1.30532  2 
8.77148e-17  6.95622e-23  1.9308e+06  1.53122  3 
9.25993e-17  6.01521e-23  2.03832e+06  1.32408  3 
8.8925e-17  6.85961e-23  1.95744e+06  1.50996  3 
8.97318e-17  6.80743e-23  1.9752e+06  1.49847  3 
9.11601e-17  6.56371e-23  2.00664e+06  1.44482  3 
9.17925e-17  6.3606e-23  2.02056e+06  1.40011  3 
9.58157e-17  5.94838e-23  2.10912e+06  1.30937  3 
9.20214e-17  6.21773e-23  2.0256e+06  1.36866  3 
8.84889e-17  7.02306e-23  1.94784e+06  1.54594  4 
8.95028e-17  6.98589e-23  1.97016e+06  1.53775  4 
9.2861e-17  6.3726e-23  2.04408e+06  1.40275  4 
9.76256e-17  6.31127e-23  2.14896e+06  1.38925  4 
8.85325e-17  9.14323e-23  1.9488e+06  2.01263  5 
8.90231e-17  9.11044e-23  1.9596e+06  2.00541  5 
8.92085e-17  9.0368e-23  1.96368e+06  1.9892  5 
8.92412e-17  7.14842e-23  1.9644e+06  1.57353  5 
8.96664e-17  7.05434e-23  1.97376e+06  1.55282  5 
9.49871e-17  6.57592e-23  2.09088e+06  1.44751  5 
9.55976e-17  6.46119e-23  2.10432e+06  1.42225  5 
9.02661e-17  8.50659e-23  1.98696e+06  1.87249  6 
9.08875e-17  8.14757e-23  2.00064e+06  1.79346  6 
9.62518e-17  6.63405e-23  2.11872e+06  1.4603  6 
1.45636e-16  9.82957e-23  1.96296e+06  1.32488  7 
1.40009e-16  1.74002e-22  1.88712e+06  2.34529  7 
1.4585e-16  9.82658e-23  1.96584e+06  1.32448  7 
1.40953e-16  1.35627e-22  1.89984e+06  1.82806  7 
1.41772e-16  1.05198e-22  1.91088e+06  1.41791  7 
1.43784e-16  1.03173e-22  1.938e+06  1.39062  7 
1.50533e-16  9.56336e-23  2.02896e+06  1.289  7 
1.41914e-16  1.21142e-22  1.9128e+06  1.63281  8 
1.42253e-16  1.1476e-22  1.91736e+06  1.54679  8 
1.48788e-16  9.95149e-23  2.00544e+06  1.34132  8 
1.44016e-16  1.11278e-22  1.94112e+06  1.49987  8 
1.50782e-16  9.70891e-23  2.03232e+06  1.30862  8 
1.45956e-16  1.04827e-22  1.96728e+06  1.41292  8 
1.46704e-16  1.03881e-22  1.97736e+06  1.40017  8 
1.47114e-16  1.03592e-22  1.98288e+06  1.39627  8 
1.55269e-16  9.70083e-23  2.0928e+06  1.30753  8 
1.57406e-16  9.69535e-23  2.1216e+06  1.30679  8 
1.42644e-16  1.19979e-22  1.92264e+06  1.61714  9 
1.44461e-16  1.13205e-22  1.94712e+06  1.52585  9 
1.47523e-16  1.07239e-22  1.9884e+06  1.44542  9 
1.55198e-16  9.77938e-23  2.09184e+06  1.31812  9 
1.49642e-16  1.02292e-22  2.01696e+06  1.37875  9 
1.52331e-16  1.02067e-22  2.0532e+06  1.37572  9 
1.45155e-16  1.48903e-22  1.95648e+06  2.007  10 
1.46811e-16  1.43862e-22  1.9788e+06  1.93905  10 
1.47684e-16  1.30161e-22  1.99056e+06  1.75438  10 
1.48129e-16  1.09896e-22  1.99656e+06  1.48123  10 
1.48485e-16  1.08056e-22  2.00136e+06  1.45643  10 
1.50408e-16  1.06865e-22  2.02728e+06  1.44038  10 
1.52206e-16  1.06061e-22  2.05152e+06  1.42954  10 
1.52242e-16  1.04054e-22  2.052e+06  1.4025  10 
1.58741e-16  1.02603e-22  2.1396e+06  1.38294  10 
1.4852e-16  1.35126e-22  2.00184e+06  1.8213  11 
1.50087e-16  1.18446e-22  2.02296e+06  1.59648  11 
1.5461e-16  1.09888e-22  2.08392e+06  1.48113  11 
1.54681e-16  1.06647e-22  2.08488e+06  1.43745  11 
1.50123e-16  1.33347e-22  2.02344e+06  1.79732  12 
1.53506e-16  1.24043e-22  2.06904e+06  1.67192  12 
1.54859e-16  1.07598e-22  2.08728e+06  1.45027  12 
1.50746e-16  1.45518e-22  2.03184e+06  1.96137  13 
1.57477e-16  1.10227e-22  2.12256e+06  1.4857  13 
2.63872e-16  1.61538e-22  2.06664e+06  1.26516  14 
2.41196e-16  1.80237e-22  1.88904e+06  1.41161  14 
2.52289e-16  1.63274e-22  1.97592e+06  1.27876  14 
2.66324e-16  1.62215e-22  2.08584e+06  1.27046  15 
2.4708e-16  2.47615e-22  1.93512e+06  1.93932  15 
2.56181e-16  1.7139e-22  2.0064e+06  1.34232  15 
2.4901e-16  1.91417e-22  1.95024e+06  1.49918  15 
2.5851e-16  1.69611e-22  2.02464e+06  1.32839  15 
2.51615e-16  1.84187e-22  1.97064e+06  1.44255  15 
2.53178e-16  1.77565e-22  1.98288e+06  1.39069  15 
2.64332e-16  1.64818e-22  2.07024e+06  1.29085  15 
2.47141e-16  2.5397e-22  1.9356e+06  1.98909  16 
2.50726e-16  2.32677e-22  1.96368e+06  1.82232  16 
2.51584e-16  1.95722e-22  1.9704e+06  1.53289  16 
2.53331e-16  1.77681e-22  1.98408e+06  1.3916  16 
2.65343e-16  1.66876e-22  2.07816e+06  1.30697  16 

7.6558e-17  9.86321e-23  1.81848e+06  2.34281  0 
7.6851e-17  5.73845e-23  1.82544e+06  1.36305  0 
8.49443e-17  5.17491e-23  2.01768e+06  1.2292  0 
8.30144e-17  5.37039e-23  1.97184e+06  1.27563  0 
8.26406e-17  5.57775e-23  1.96296e+06  1.32488  0 
8.33176e-17  5.62419e-23  1.97904e+06  1.33591  1 
7.85586e-17  6.47285e-23  1.866e+06  1.53749  1 
7.90234e-17  6.42118e-23  1.87704e+06  1.52522  1 
8.55707e-17  5.51139e-23  2.03256e+06  1.30912  1 
8.63386e-17  5.39396e-23  2.0508e+06  1.28123  1 
8.09633e-17  6.30146e-23  1.92312e+06  1.49678  1 
8.10644e-17  5.83468e-23  1.92552e+06  1.38591  1 
8.28528e-17  5.80884e-23  1.968e+06  1.37977  1 
8.01247e-17  6.46539e-23  1.9032e+06  1.53572  2 
8.67731e-17  5.57091e-23  2.06112e+06  1.32326  2 
8.10947e-17  6.32815e-23  1.92624e+06  1.50312  2 
8.16201e-17  5.93874e-23  1.93872e+06  1.41063  2 
8.78037e-17  5.49883e-23  2.0856e+06  1.30614  2 
8.27618e-17  5.88807e-23  1.96584e+06  1.39859  2 
8.02661e-17  6.49502e-23  1.90656e+06  1.54276  3 
8.1125e-17  6.47182e-23  1.92696e+06  1.53725  3 
8.12361e-17  6.44554e-23  1.9296e+06  1.53101  3 
8.20546e-17  6.08787e-23  1.94904e+06  1.44605  3 
8.82281e-17  5.51592e-23  2.09568e+06  1.3102  3 
8.3651e-17  5.89336e-23  1.98696e+06  1.39985  3 
8.78947e-17  5.75616e-23  2.08776e+06  1.36726  3 
8.94592e-17  5.79399e-23  1.9692e+06  1.27539  4 
9.40603e-17  5.76022e-23  2.07048e+06  1.26795  4 
8.12968e-17  9.76179e-23  1.93104e+06  2.31871  4 
8.16302e-17  8.46701e-23  1.93896e+06  2.01117  4 
8.18424e-17  6.8065e-23  1.944e+06  1.61675  4 
8.32064e-17  6.25291e-23  1.9764e+06  1.48525  4 
8.36813e-17  6.06051e-23  1.98768e+06  1.43955  4 
8.69348e-17  5.9192e-23  2.06496e+06  1.40599  4 
8.86525e-17  5.83958e-23  2.10576e+06  1.38707  4 
9.1062e-17  5.86112e-23  2.00448e+06  1.29017  5 
9.48235e-17  5.80414e-23  2.08728e+06  1.27762  5 
8.2004e-17  8.41441e-23  1.94784e+06  1.99867  5 
8.23173e-17  8.22661e-23  1.95528e+06  1.95406  5 
8.34489e-17  6.37156e-23  1.98216e+06  1.51344  5 
8.39945e-17  6.19466e-23  1.99512e+06  1.47142  5 
8.60759e-17  6.09575e-23  2.04456e+06  1.44792  5 
8.73895e-17  5.99873e-23  2.07576e+06  1.42488  5 
8.90364e-17  5.98322e-23  2.11488e+06  1.42119  5 
8.23723e-17  1.06771e-22  1.8132e+06  2.35026  6 
8.88269e-17  6.01698e-23  1.95528e+06  1.32447  6 
9.10947e-17  6.00975e-23  2.0052e+06  1.32288  6 
8.56432e-17  6.21017e-23  1.8852e+06  1.367  6 
9.5445e-17  5.92998e-23  2.10096e+06  1.30532  6 
8.40551e-17  6.23598e-23  1.99656e+06  1.48123  6 
9.09202e-17  6.03162e-23  2.00136e+06  1.3277  7 
9.25993e-17  6.01521e-23  2.03832e+06  1.32408  7 
8.71587e-17  6.94345e-23  1.91856e+06  1.52841  7 
8.79982e-17  6.34431e-23  1.93704e+06  1.39653  7 
9.58157e-17  5.94838e-23  2.10912e+06  1.30937  7 
8.94047e-17  6.2682e-23  1.968e+06  1.37977  7 
8.52474e-17  7.73952e-23  2.02488e+06  1.83837  7 
8.55404e-17  7.37427e-23  2.03184e+06  1.75161  7 
8.5665e-17  7.44943e-23  1.88568e+06  1.63979  8 
8.53706e-17  1.06471e-22  1.8792e+06  2.34367  8 
8.73331e-17  6.95419e-23  1.9224e+06  1.53077  8 
8.84671e-17  6.80466e-23  1.94736e+06  1.49786  8 
8.88596e-17  6.54871e-23  1.956e+06  1.44152  8 
9.00044e-17  6.33455e-23  1.9812e+06  1.39438  8 
9.0386e-17  6.30225e-23  1.9896e+06  1.38727  8 
9.20214e-17  6.21773e-23  2.0256e+06  1.36866  8 
8.67008e-17  8.30126e-23  1.90848e+06  1.82729  9 
8.77148e-17  6.95622e-23  1.9308e+06  1.53122  9 
8.8925e-17  6.85961e-23  1.95744e+06  1.50996  9 
8.97318e-17  6.80743e-23  1.9752e+06  1.49847  9 
9.11601e-17  6.56371e-23  2.00664e+06  1.44482  9 
9.17925e-17  6.3606e-23  2.02056e+06  1.40011  9 
9.76256e-17  6.31127e-23  2.14896e+06  1.38925  9 
8.84889e-17  7.02306e-23  1.94784e+06  1.54594  10 
8.95028e-17  6.98589e-23  1.97016e+06  1.53775  10 
9.2861e-17  6.3726e-23  2.04408e+06  1.40275  10 
8.85325e-17  9.14323e-23  1.9488e+06  2.01263  11 
8.90231e-17  9.11044e-23  1.9596e+06  2.00541  11 
8.92085e-17  9.0368e-23  1.96368e+06  1.9892  11 
8.92412e-17  7.14842e-23  1.9644e+06  1.57353  11 
8.96664e-17  7.05434e-23  1.97376e+06  1.55282  11 
9.49871e-17  6.57592e-23  2.09088e+06  1.44751  11 
9.55976e-17  6.46119e-23  2.10432e+06  1.42225  11 
9.02661e-17  8.50659e-23  1.98696e+06  1.87249  12 
9.08875e-17  8.14757e-23  2.00064e+06  1.79346  12 
9.62518e-17  6.63405e-23  2.11872e+06  1.4603  12 
1.45636e-16  9.82957e-23  1.96296e+06  1.32488  13 
1.4585e-16  9.82658e-23  1.96584e+06  1.32448  13 
1.50533e-16  9.56336e-23  2.02896e+06  1.289  13 
1.40009e-16  1.74002e-22  1.88712e+06  2.34529  13 
1.40953e-16  1.35627e-22  1.89984e+06  1.82806  13 
1.41772e-16  1.05198e-22  1.91088e+06  1.41791  13 
1.43784e-16  1.03173e-22  1.938e+06  1.39062  13 
1.48788e-16  9.95149e-23  2.00544e+06  1.34132  14 
1.50782e-16  9.70891e-23  2.03232e+06  1.30862  14 
1.41914e-16  1.21142e-22  1.9128e+06  1.63281  14 
1.42253e-16  1.1476e-22  1.91736e+06  1.54679  14 
1.44016e-16  1.11278e-22  1.94112e+06  1.49987  14 
1.55269e-16  9.70083e-23  2.0928e+06  1.30753  14 
1.45956e-16  1.04827e-22  1.96728e+06  1.41292  14 

7.6558e-17  9.86321e-23  1.81848e+06  2.34281  0 
7.6851e-17  5.73845e-23  1.82544e+06  1.36305  0 
8.49443e-17  5.17491e-23  2.01768e+06  1.2292  0 
8.30144e-17  5.37039e-23  1.97184e+06  1.27563  0 
8.26406e-17  5.57775e-23  1.96296e+06  1.32488  0 
8.33176e-17  5.62419e-23  1.97904e+06  1.33591  1 
7.85586e-17  6.47285e-23  1.866e+06  1.53749  1 
7.90234e-17  6.42118e-23  1.87704e+06  1.52522  1 
8.55707e-17  5.51139e-23  2.03256e+06  1.30912  1 
8.63386e-17  5.39396e-23  2.0508e+06  1.28123  1 
8.09633e-17  6.30146e-23  1.92312e+06  1.49678  1 
8.10644e-17  5.83468e-23  1.92552e+06  1.38591  1 
8.28528e-17  5.80884e-23  1.968e+06  1.37977  1 
8.01247e-17  6.46539e-23  1.9032e+06  1.53572  2 
8.67731e-17  5.57091e-23  2.06112e+06  1.32326  2 
8.10947e-17  6.32815e-23  1.92624e+06  1.50312  2 
8.16201e-17  5.93874e-23  1.93872e+06  1.41063  2 
8.78037e-17  5.49883e-23  2.0856e+06  1.30614  2 
8.27618e-17  5.88807e-23  1.96584e+06  1.39859  2 
8.02661e-17  6.49502e-23  1.90656e+06  1.54276  3 
8.1125e-17  6.47182e-23  1.92696e+06  1.53725  3 
8.12361e-17  6.44554e-23  1.9296e+06  1.53101  3 
8.20546e-17  6.08787e-23  1.94904e+06  1.44605  3 
8.82281e-17  5.51592e-23  2.09568e+06  1.3102  3 
8.3651e-17  5.89336e-23  1.98696e+06  1.39985  3 
8.78947e-17  5.75616e-23  2.08776e+06  1.36726  3 
8.94592e-17  5.79399e-23  1.9692e+06  1.27539  4 
9.40603e-17  5.76022e-23  2.07048e+06  1.26795  4 
8.12968e-17  9.76179e-23  1.93104e+06  2.31871  4 
8.16302e-17  8.46701e-23  1.93896e+06  2.01117  4 
8.18424e-17  6.8065e-23  1.944e+06  1.61675  4 
8.32064e-17  6.25291e-23  1.9764e+06  1.48525  4 
8.36813e-17  6.06051e-23  1.98768e+06  1.43955  4 
8.69348e-17  5.9192e-23  2.06496e+06  1.40599  4 
8.86525e-17  5.83958e-23  2.10576e+06  1.38707  4 
9.1062e-17  5.86112e-23  2.00448e+06  1.29017  5 
9.48235e-17  5.80414e-23  2.08728e+06  1.27762  5 
8.2004e-17  8.41441e-23  1.94784e+06  1.99867  5 
8.23173e-17  8.22661e-23  1.95528e+06  1.95406  5 
8.34489e-17  6.37156e-23  1.98216e+06  1.51344  5 
8.39945e-17  6.19466e-23  1.99512e+06  1.47142  5 
8.60759e-17  6.09575e-23  2.04456e+06  1.44792  5 
8.73895e-17  5.99873e-23  2.07576e+06  1.42488  5 
8.90364e-17  5.98322e-23  2.11488e+06  1.42119  5 
8.23723e-17  1.06771e-22  1.8132e+06  2.35026  6 
8.88269e-17  6.01698e-23  1.95528e+06  1.32447  6 
9.10947e-17  6.00975e-23  2.0052e+06  1.32288  6 
8.56432e-17  6.21017e-23  1.8852e+06  1.367  6 
9.5445e-17  5.92998e-23  2.10096e+06  1.30532  6 
8.40551e-17  6.23598e-23  1.99656e+06  1.48123  6 
9.09202e-17  6.03162e-23  2.00136e+06  1.3277  7 
9.25993e-17  6.01521e-23  2.03832e+06  1.32408  7 
8.71587e-17  6.94345e-23  1.91856e+06  1.52841  7 
8.79982e-17  6.34431e-23  1.93704e+06  1.39653  7 
9.58157e-17  5.94838e-23  2.10912e+06  1.30937  7 
8.94047e-17  6.2682e-23  1.968e+06  1.37977  7 
8.52474e-17  7.73952e-23  2.02488e+06  1.83837  7 
8.55404e-17  7.37427e-23  2.03184e+06  1.75161  7 
8.5665e-17  7.44943e-23  1.88568e+06  1.63979  8 
8.53706e-17  1.06471e-22  1.8792e+06  2.34367  8 
8.73331e-17  6.95419e-23  1.9224e+06  1.53077  8 
8.84671e-17  6.80466e-23  1.94736e+06  1.49786  8 
8.88596e-17  6.54871e-23  1.956e+06  1.44152  8 
9.00044e-17  6.33455e-23  1.9812e+06  1.39438  8 
9.0386e-17  6.30225e-23  1.9896e+06  1.38727  8 
9.20214e-17  6.21773e-23  2.0256e+06  1.36866  8 
8.67008e-17  8.30126e-23  1.90848e+06  1.82729  9 
8.77148e-17  6.95622e-23  1.9308e+06  1.53122  9 
8.8925e-17  6.85961e-23  1.95744e+06  1.50996  9 
8.97318e-17  6.80743e-23  1.9752e+06  1.49847  9 
9.11601e-17  6.56371e-23  2.00664e+06  1.44482  9 
9.17925e-17  6.3606e-23  2.02056e+06  1.40011  9 
9.76256e-17  6.31127e-23  2.14896e+06  1.38925  9 
8.84889e-17  7.02306e-23  1.94784e+06  1.54594  10 
8.95028e-17  6.98589e-23  1.97016e+06  1.53775  10 
9.2861e-17  6.3726e-23  2.04408e+06  1.40275  10 
8.85325e-17  9.14323e-23  1.9488e+06  2.01263  11 
8.90231e-17  9.11044e-23  1.9596e+06  2.00541  11 
8.92085e-17  9.0368e-23  1.96368e+06  1.9892  11 
8.92412e-17  7.14842e-23  1.9644e+06  1.57353  11 
8.96664e-17  7.05434e-23  1.97376e+06  1.55282  11 
9.49871e-17  6.57592e-23  2.09088e+06  1.44751  11 
9.55976e-17  6.46119e-23  2.10432e+06  1.42225  11 
9.02661e-17  8.50659e-23  1.98696e+06  1.87249  12 
9.08875e-17  8.14757e-23  2.00064e+06  1.79346  12 
9.62518e-17  6.63405e-23  2.11872e+06  1.4603  12 
1.45636e-16  9.82957e-23  1.96296e+06  1.32488  13 
1.4585e-16  9.82658e-23  1.96584e+06  1.32448  13 
1.50533e-16  9.56336e-23  2.02896e+06  1.289  13 
1.40009e-16  1.74002e-22  1.88712e+06  2.34529  13 
1.40953e-16  1.35627e-22  1.89984e+06  1.82806  13 
1.41772e-16  1.05198e-22  1.91088e+06  1.41791  13 
1.43784e-16  1.03173e-22  1.938e+06  1.39062  13 
1.48788e-16  9.95149e-23  2.00544e+06  1.34132  14 
1.50782e-16  9.70891e-23  2.03232e+06  1.30862  14 
1.41914e-16  1.21142e-22  1.9128e+06  1.63281  14 
1.42253e-16  1.1476e-22  1.91736e+06  1.54679  14 
1.44016e-16  1.11278e-22  1.94112e+06  1.49987  14 
1.55269e-16  9.70083e-23  2.0928e+06  1.30753  14 
1.45956e-16  1.04827e-22  1.96728e+06  1.41292  14 

7.6558e-17  9.86321e-23  1.81848e+06  2.34281  0 
7.6851e-17  5.73845e-23  1.82544e+06  1.36305  0 
8.49443e-17  5.17491e-23  2.01768e+06  1.2292  0 
8.30144e-17  5.37039e-23  1.97184e+06  1.27563  0 
8.26406e-17  5.57775e-23  1.96296e+06  1.32488  0 
8.33176e-17  5.62419e-23  1.97904e+06  1.33591  1 
7.85586e-17  6.47285e-23  1.866e+06  1.53749  1 
7.90234e-17  6.42118e-23  1.87704e+06  1.52522  1 
8.55707e-17  5.51139e-23  2.03256e+06  1.30912  1 
8.63386e-17  5.39396e-23  2.0508e+06  1.28123  1 
8.09633e-17  6.30146e-23  1.92312e+06  1.49678  1 
8.10644e-17  5.83468e-23  1.92552e+06  1.38591  1 
8.28528e-17  5.80884e-23  1.968e+06  1.37977  1 
8.01247e-17  6.46539e-23  1.9032e+06  1.53572  2 
8.67731e-17  5.57091e-23  2.06112e+06  1.32326  2 
8.10947e-17  6.32815e-23  1.92624e+06  1.50312  2 
8.16201e-17  5.93874e-23  1.93872e+06  1.41063  2 
8.78037e-17  5.49883e-23  2.0856e+06  1.30614  2 
8.27618e-17  5.88807e-23  1.96584e+06  1.39859  2 
8.02661e-17  6.49502e-23  1.90656e+06  1.54276  3 
8.1125e-17  6.47182e-23  1.92696e+06  1.53725  3 
8.12361e-17  6.44554e-23  1.9296e+06  1.53101  3 
8.20546e-17  6.08787e-23  1.94904e+06  1.44605  3 
8.82281e-17  5.51592e-23  2.09568e+06  1.3102  3 
8.3651e-17  5.89336e-23  1.98696e+06  1.39985  3 
8.78947e-17  5.75616e-23  2.08776e+06  1.36726  3 
8.94592e-17  5.79399e-23  1.9692e+06  1.27539  4 
9.40603e-17  5.76022e-23  2.07048e+06  1.26795  4 
8.12968e-17  9.76179e-23  1.93104e+06  2.31871  4 
8.16302e-17  8.46701e-23  1.93896e+06  2.01117  4 
8.18424e-17  6.8065e-23  1.944e+06  1.61675  4 
8.32064e-17  6.25291e-23  1.9764e+06  1.48525  4 
8.36813e-17  6.06051e-23  1.98768e+06  1.43955  4 
8.69348e-17  5.9192e-23  2.06496e+06  1.40599  4 
8.86525e-17  5.83958e-23  2.10576e+06  1.38707  4 
9.1062e-17  5.86112e-23  2.00448e+06  1.29017  5 
9.48235e-17  5.80414e-23  2.08728e+06  1.27762  5 
8.2004e-17  8.41441e-23  1.94784e+06  1.99867  5 
8.23173e-17  8.22661e-23  1.95528e+06  1.95406  5 
8.34489e-17  6.37156e-23  1.98216e+06  1.51344  5 
8.39945e-17  6.19466e-23  1.99512e+06  1.47142  5 
8.60759e-17  6.09575e-23  2.04456e+06  1.44792  5 
8.73895e-17  5.99873e-23  2.07576e+06  1.42488  5 
8.90364e-17  5.98322e-23  2.11488e+06  1.42119  5 
8.23723e-17  1.06771e-22  1.8132e+06  2.35026  6 
8.88269e-17  6.01698e-23  1.95528e+06  1.32447  6 
9.10947e-17  6.00975e-23  2.0052e+06  1.32288  6 
8.56432e-17  6.21017e-23  1.8852e+06  1.367  6 
9.5445e-17  5.92998e-23  2.10096e+06  1.30532  6 
8.40551e-17  6.23598e-23  1.99656e+06  1.48123  6 
9.09202e-17  6.03162e-23  2.00136e+06  1.3277  7 
9.25993e-17  6.01521e-23  2.03832e+06  1.32408  7 
8.71587e-17  6.94345e-23  1.91856e+06  1.52841  7 
8.79982e-17  6.34431e-23  1.93704e+06  1.39653  7 
9.58157e-17  5.94838e-23  2.10912e+06  1.30937  7 
8.94047e-17  6.2682e-23  1.968e+06  1.37977  7 
8.52474e-17  7.73952e-23  2.02488e+06  1.83837  7 
8.55404e-17  7.37427e-23  2.03184e+06  1.75161  7 
8.5665e-17  7.44943e-23  1.88568e+06  1.63979  8 
8.53706e-17  1.06471e-22  1.8792e+06  2.34367  8 
8.73331e-17  6.95419e-23  1.9224e+06  1.53077  8 
8.84671e-17  6.80466e-23  1.94736e+06  1.49786  8 
8.88596e-17  6.54871e-23  1.956e+06  1.44152  8 
9.00044e-17  6.33455e-23  1.9812e+06  1.39438  8 
9.0386e-17  6.30225e-23  1.9896e+06  1.38727  8 
9.20214e-17  6.21773e-23  2.0256e+06  1.36866  8 
8.67008e-17  8.30126e-23  1.90848e+06  1.82729  9 
8.77148e-17  6.95622e-23  1.9308e+06  1.53122  9 
8.8925e-17  6.85961e-23  1.95744e+06  1.50996  9 
8.97318e-17  6.80743e-23  1.9752e+06  1.49847  9 
9.11601e-17  6.56371e-23  2.00664e+06  1.44482  9 
9.17925e-17  6.3606e-23  2.02056e+06  1.40011  9 
9.76256e-17  6.31127e-23  2.14896e+06  1.38925  9 
8.84889e-17  7.02306e-23  1.94784e+06  1.54594  10 
8.95028e-17  6.98589e-23  1.97016e+06  1.53775  10 
9.2861e-17  6.3726e-23  2.04408e+06  1.40275  10 
8.85325e-17  9.14323e-23  1.9488e+06  2.01263  11 
8.90231e-17  9.11044e-23  1.9596e+06  2.00541  11 
8.92085e-17  9.0368e-23  1.96368e+06  1.9892  11 
8.92412e-17  7.14842e-23  1.9644e+06  1.57353  11 
8.96664e-17  7.05434e-23  1.97376e+06  1.55282  11 
9.49871e-17  6.57592e-23  2.09088e+06  1.44751  11 
9.55976e-17  6.46119e-23  2.10432e+06  1.42225  11 
9.02661e-17  8.50659e-23  1.98696e+06  1.87249  12 
9.08875e-17  8.14757e-23  2.00064e+06  1.79346  12 
9.62518e-17  6.63405e-23  2.11872e+06  1.4603  12 
1.45636e-16  9.82957e-23  1.96296e+06  1.32488  13 
1.4585e-16  9.82658e-23  1.96584e+06  1.32448  13 
1.50533e-16  9.56336e-23  2.02896e+06  1.289  13 
1.40009e-16  1.74002e-22  1.88712e+06  2.34529  13 
1.40953e-16  1.35627e-22  1.89984e+06  1.82806  13 
1.41772e-16  1.05198e-22  1.91088e+06  1.41791  13 
1.43784e-16  1.03173e-22  1.938e+06  1.39062  13 
1.48788e-16  9.95149e-23  2.00544e+06  1.34132  14 
1.50782e-16  9.70891e-23  2.03232e+06  1.30862  14 
1.41914e-16  1.21142e-22  1.9128e+06  1.63281  14 
1.42253e-16  1.1476e-22  1.91736e+06  1.54679  14 
1.44016e-16  1.11278e-22  1.94112e+06  1.49987  14 
1.55269e-16  9.70083e-23  2.0928e+06  1.30753  14 
1.45956e-16  1.04827e-22  1.96728e+06  1.41292  14 

7.6558e-17  9.86321e-23  1.81848e+06  2.34281  0 
7.6851e-17  5.73845e-23  1.82544e+06  1.36305  0 
8.49443e-17  5.17491e-23  2.01768e+06  1.2292  0 
8.30144e-17  5.37039e-23  1.97184e+06  1.27563  0 
8.26406e-17  5.57775e-23  1.96296e+06  1.32488  0 
8.33176e-17  5.62419e-23  1.97904e+06  1.33591  1 
7.85586e-17  6.47285e-23  1.866e+06  1.53749  1 
7.90234e-17  6.42118e-23  1.87704e+06  1.52522  1 
8.55707e-17  5.51139e-23  2.03256e+06  1.30912  1 
8.63386e-17  5.39396e-23  2.0508e+06  1.28123  1 
8.09633e-17  6.30146e-23  1.92312e+06  1.49678  1 
8.10644e-17  5.83468e-23  1.92552e+06  1.38591  1 
8.28528e-17  5.80884e-23  1.968e+06  1.37977  1 
8.01247e-17  6.46539e-23  1.9032e+06  1.53572  2 
8.67731e-17  5.57091e-23  2.06112e+06  1.32326  2 
8.10947e-17  6.32815e-23  1.92624e+06  1.50312  2 
8.16201e-17  5.93874e-23  1.93872e+06  1.41063  2 
8.78037e-17  5.49883e-23  2.0856e+06  1.30614  2 
8.27618e-17  5.88807e-23  1.96584e+06  1.39859  2 
8.02661e-17  6.49502e-23  1.90656e+06  1.54276  3 
8.1125e-17  6.47182e-23  1.92696e+06  1.53725  3 
8.12361e-17  6.44554e-23  1.9296e+06  1.53101  3 
8.20546e-17  6.08787e-23  1.94904e+06  1.44605  3 
8.82281e-17  5.51592e-23  2.09568e+06  1.3102  3 
8.3651e-17  5.89336e-23  1.98696e+06  1.39985  3 
8.78947e-17  5.75616e-23  2.08776e+06  1.36726  3 
8.94592e-17  5.79399e-23  1.9692e+06  1.27539  4 
9.40603e-17  5.76022e-23  2.07048e+06  1.26795  4 
8.12968e-17  9.76179e-23  1.93104e+06  2.31871  4 
8.16302e-17  8.46701e-23  1.93896e+06  2.01117  4 
8.18424e-17  6.8065e-23  1.944e+06  1.61675  4 
8.32064e-17  6.25291e-23  1.9764e+06  1.48525  4 
8.36813e-17  6.06051e-23  1.98768e+06  1.43955  4 
8.69348e-17  5.9192e-23  2.06496e+06  1.40599  4 
8.86525e-17  5.83958e-23  2.10576e+06  1.38707  4 
9.1062e-17  5.86112e-23  2.00448e+06  1.29017  5 
9.48235e-17  5.80414e-23  2.08728e+06  1.27762  5 
8.2004e-17  8.41441e-23  1.94784e+06  1.99867  5 
8.23173e-17  8.22661e-23  1.95528e+06  1.95406  5 
8.34489e-17  6.37156e-23  1.98216e+06  1.51344  5 
8.39945e-17  6.19466e-23  1.99512e+06  1.47142  5 
8.60759e-17  6.09575e-23  2.04456e+06  1.44792  5 
8.73895e-17  5.99873e-23  2.07576e+06  1.42488  5 
8.90364e-17  5.98322e-23  2.11488e+06  1.42119  5 
8.23723e-17  1.06771e-22  1.8132e+06  2.35026  6 
8.88269e-17  6.01698e-23  1.95528e+06  1.32447  6 
9.10947e-17  6.00975e-23  2.0052e+06  1.32288  6 
8.56432e-17  6.21017e-23  1.8852e+06  1.367  6 
9.5445e-17  5.92998e-23  2.10096e+06  1.30532  6 
8.40551e-17  6.23598e-23  1.99656e+06  1.48123  6 
9.09202e-17  6.03162e-23  2.00136e+06  1.3277  7 
9.25993e-17  6.01521e-23  2.03832e+06  1.32408  7 
8.71587e-17  6.94345e-23  1.91856e+06  1.52841  7 
8.79982e-17  6.34431e-23  1.93704e+06  1.39653  7 
9.58157e-17  5.94838e-23  2.10912e+06  1.30937  7 
8.94047e-17  6.2682e-23  1.968e+06  1.37977  7 
8.52474e-17  7.73952e-23  2.02488e+06  1.83837  7 
8.55404e-17  7.37427e-23  2.03184e+06  1.75161  7 
8.5665e-17  7.44943e-23  1.88568e+06  1.63979  8 
8.53706e-17  1.06471e-22  1.8792e+06  2.34367  8 
8.73331e-17  6.95419e-23  1.9224e+06  1.53077  8 
8.84671e-17  6.80466e-23  1.94736e+06  1.49786  8 
8.88596e-17  6.54871e-23  1.956e+06  1.44152  8 
9.00044e-17  6.33455e-23  1.9812e+06  1.39438  8 
9.0386e-17  6.30225e-23  1.9896e+06  1.38727  8 
9.20214e-17  6.21773e-23  2.0256e+06  1.36866  8 
8.67008e-17  8.30126e-23  1.90848e+06  1.82729  9 
8.77148e-17  6.95622e-23  1.9308e+06  1.53122  9 
8.8925e-17  6.85961e-23  1.95744e+06  1.50996  9 
8.97318e-17  6.80743e-23  1.9752e+06  1.49847  9 
9.11601e-17  6.56371e-23  2.00664e+06  1.44482  9 
9.17925e-17  6.3606e-23  2.02056e+06  1.40011  9 
9.76256e-17  6.31127e-23  2.14896e+06  1.38925  9 
8.84889e-17  7.02306e-23  1.94784e+06  1.54594  10 
8.95028e-17  6.98589e-23  1.97016e+06  1.53775  10 
9.2861e-17  6.3726e-23  2.04408e+06  1.40275  10 
8.85325e-17  9.14323e-23  1.9488e+06  2.01263  11 
8.90231e-17  9.11044e-23  1.9596e+06  2.00541  11 
8.92085e-17  9.0368e-23  1.96368e+06  1.9892  11 
8.92412e-17  7.14842e-23  1.9644e+06  1.57353  11 
8.96664e-17  7.05434e-23  1.97376e+06  1.55282  11 
9.49871e-17  6.57592e-23  2.09088e+06  1.44751  11 
9.55976e-17  6.46119e-23  2.10432e+06  1.42225  11 
9.02661e-17  8.50659e-23  1.98696e+06  1.87249  12 
9.08875e-17  8.14757e-23  2.00064e+06  1.79346  12 
9.62518e-17  6.63405e-23  2.11872e+06  1.4603  12 
1.45636e-16  9.82957e-23  1.96296e+06  1.32488  13 
1.4585e-16  9.82658e-23  1.96584e+06  1.32448  13 
1.50533e-16  9.56336e-23  2.02896e+06  1.289  13 
1.40009e-16  1.74002e-22  1.88712e+06  2.34529  13 
1.40953e-16  1.35627e-22  1.89984e+06  1.82806  13 
1.41772e-16  1.05198e-22  1.91088e+06  1.41791  13 
1.43784e-16  1.03173e-22  1.938e+06  1.39062  13 
1.48788e-16  9.95149e-23  2.00544e+06  1.34132  14 
1.50782e-16  9.70891e-23  2.03232e+06  1.30862  14 
1.41914e-16  1.21142e-22  1.9128e+06  1.63281  14 
1.42253e-16  1.1476e-22  1.91736e+06  1.54679  14 
1.44016e-16  1.11278e-22  1.94112e+06  1.49987  14 
1.55269e-16  9.70083e-23  2.0928e+06  1.30753  14 
1.45956e-16  1.04827e-22  1.96728e+06  1.41292  14 

7.6558e-17  9.86321e-23  1.81848e+06  2.34281  0 
7.6851e-17  5.73845e-23  1.82544e+06  1.36305  0 
8.49443e-17  5.17491e-23  2.01768e+06  1.2292  0 
8.30144e-17  5.37039e-23  1.97184e+06  1.27563  0 
8.26406e-17  5.57775e-23  1.96296e+06  1.32488  0 
8.33176e-17  5.62419e-23  1.97904e+06  1.33591  1 
7.85586e-17  6.47285e-23  1.866e+06  1.53749  1 
7.90234e-17  6.42118e-23  1.87704e+06  1.52522  1 
8.55707e-17  5.51139e-23  2.03256e+06  1.30912  1 
8.63386e-17  5.39396e-23  2.0508e+06  1.28123  1 
8.09633e-17  6.30146e-23  1.92312e+06  1.49678  1 
8.10644e-17  5.83468e-23  1.92552e+06  1.38591  1 
8.28528e-17  5.80884e-23  1.968e+06  1.37977  1 
8.01247e-17  6.46539e-23  1.9032e+06  1.53572  2 
8.67731e-17  5.57091e-23  2.06112e+06  1.32326  2 
8.10947e-17  6.32815e-23  1.92624e+06  1.50312  2 
8.16201e-17  5.93874e-23  1.93872e+06  1.41063  2 
8.78037e-17  5.49883e-23  2.0856e+06  1.30614  2 
8.27618e-17  5.88807e-23  1.96584e+06  1.39859  2 
8.02661e-17  6.49502e-23  1.90656e+06  1.54276  3 
8.1125e-17  6.47182e-23  1.92696e+06  1.53725  3 
8.12361e-17  6.44554e-23  1.9296e+06  1.53101  3 
8.20546e-17  6.08787e-23  1.94904e+06  1.44605  3 
8.82281e-17  5.51592e-23  2.09568e+06  1.3102  3 
8.3651e-17  5.89336e-23  1.98696e+06  1.39985  3 
8.78947e-17  5.75616e-23  2.08776e+06  1.36726  3 
8.94592e-17  5.79399e-23  1.9692e+06  1.27539  4 
9.40603e-17  5.76022e-23  2.07048e+06  1.26795  4 
8.12968e-17  9.76179e-23  1.93104e+06  2.31871  4 
8.16302e-17  8.46701e-23  1.93896e+06  2.01117  4 
8.18424e-17  6.8065e-23  1.944e+06  1.61675  4 
8.32064e-17  6.25291e-23  1.9764e+06  1.48525  4 
8.36813e-17  6.06051e-23  1.98768e+06  1.43955  4 
8.69348e-17  5.9192e-23  2.06496e+06  1.40599  4 
8.86525e-17  5.83958e-23  2.10576e+06  1.38707  4 
9.1062e-17  5.86112e-23  2.00448e+06  1.29017  5 
9.48235e-17  5.80414e-23  2.08728e+06  1.27762  5 
8.2004e-17  8.41441e-23  1.94784e+06  1.99867  5 
8.23173e-17  8.22661e-23  1.95528e+06  1.95406  5 
8.34489e-17  6.37156e-23  1.98216e+06  1.51344  5 
8.39945e-17  6.19466e-23  1.99512e+06  1.47142  5 
8.60759e-17  6.09575e-23  2.04456e+06  1.44792  5 
8.73895e-17  5.99873e-23  2.07576e+06  1.42488  5 
8.90364e-17  5.98322e-23  2.11488e+06  1.42119  5 
8.23723e-17  1.06771e-22  1.8132e+06  2.35026  6 
8.88269e-17  6.01698e-23  1.95528e+06  1.32447  6 
9.10947e-17  6.00975e-23  2.0052e+06  1.32288  6 
8.56432e-17  6.21017e-23  1.8852e+06  1.367  6 
9.5445e-17  5.92998e-23  2.10096e+06  1.30532  6 
8.40551e-17  6.23598e-23  1.99656e+06  1.48123  6 
9.09202e-17  6.03162e-23  2.00136e+06  1.3277  7 
9.25993e-17  6.01521e-23  2.03832e+06  1.32408  7 
8.71587e-17  6.94345e-23  1.91856e+06  1.52841  7 
8.79982e-17  6.34431e-23  1.93704e+06  1.39653  7 
9.58157e-17  5.94838e-23  2.10912e+06  1.30937  7 
8.94047e-17  6.2682e-23  1.968e+06  1.37977  7 
8.52474e-17  7.73952e-23  2.02488e+06  1.83837  7 
8.55404e-17  7.37427e-23  2.03184e+06  1.75161  7 
8.5665e-17  7.44943e-23  1.88568e+06  1.63979  8 
8.53706e-17  1.06471e-22  1.8792e+06  2.34367  8 
8.73331e-17  6.95419e-23  1.9224e+06  1.53077  8 
8.84671e-17  6.80466e-23  1.94736e+06  1.49786  8 
8.88596e-17  6.54871e-23  1.956e+06  1.44152  8 
9.00044e-17  6.33455e-23  1.9812e+06  1.39438  8 
9.0386e-17  6.30225e-23  1.9896e+06  1.38727  8 
9.20214e-17  6.21773e-23  2.0256e+06  1.36866  8 
8.67008e-17  8.30126e-23  1.90848e+06  1.82729  9 
8.77148e-17  6.95622e-23  1.9308e+06  1.53122  9 
8.8925e-17  6.85961e-23  1.95744e+06  1.50996  9 
8.97318e-17  6.80743e-23  1.9752e+06  1.49847  9 
9.11601e-17  6.56371e-23  2.00664e+06  1.44482  9 
9.17925e-17  6.3606e-23  2.02056e+06  1.40011  9 
9.76256e-17  6.31127e-23  2.14896e+06  1.38925  9 
8.84889e-17  7.02306e-23  1.94784e+06  1.54594  10 
8.95028e-17  6.98589e-23  1.97016e+06  1.53775  10 
9.2861e-17  6.3726e-23  2.04408e+06  1.40275  10 
8.85325e-17  9.14323e-23  1.9488e+06  2.01263  11 
8.90231e-17  9.11044e-23  1.9596e+06  2.00541  11 
8.92085e-17  9.0368e-23  1.96368e+06  1.9892  11 
8.92412e-17  7.14842e-23  1.9644e+06  1.57353  11 
8.96664e-17  7.05434e-23  1.97376e+06  1.55282  11 
9.49871e-17  6.57592e-23  2.09088e+06  1.44751  11 
9.55976e-17  6.46119e-23  2.10432e+06  1.42225  11 
9.02661e-17  8.50659e-23  1.98696e+06  1.87249  12 
9.08875e-17  8.14757e-23  2.00064e+06  1.79346  12 
9.62518e-17  6.63405e-23  2.11872e+06  1.4603  12 
1.45636e-16  9.82957e-23  1.96296e+06  1.32488  13 
1.4585e-16  9.82658e-23  1.96584e+06  1.32448  13 
1.50533e-16  9.56336e-23  2.02896e+06  1.289  13 
1.40009e-16  1.74002e-22  1.88712e+06  2.34529  13 
1.40953e-16  1.35627e-22  1.89984e+06  1.82806  13 
1.41772e-16  1.05198e-22  1.91088e+06  1.41791  13 
1.43784e-16  1.03173e-22  1.938e+06  1.39062  13 
1.48788e-16  9.95149e-23  2.00544e+06  1.34132  14 
1.50782e-16  9.70891e-23  2.03232e+06  1.30862  14 
1.41914e-16  1.21142e-22  1.9128e+06  1.63281  14 
1.42253e-16  1.1476e-22  1.91736e+06  1.54679  14 
1.44016e-16  1.11278e-22  1.94112e+06  1.49987  14 
1.55269e-16  9.70083e-23  2.0928e+06  1.30753  14 
1.45956e-16  1.04827e-22  1.96728e+06  1.41292  14 

7.6558e-17  9.86321e-23  1.81848e+06  2.34281  0 
7.6851e-17  5.73845e-23  1.82544e+06  1.36305  0 
8.49443e-17  5.17491e-23  2.01768e+06  1.2292  0 
8.30144e-17  5.37039e-23  1.97184e+06  1.27563  0 
8.26406e-17  5.57775e-23  1.96296e+06  1.32488  0 
8.33176e-17  5.62419e-23  1.97904e+06  1.33591  1 
7.85586e-17  6.47285e-23  1.866e+06  1.53749  1 
7.90234e-17  6.42118e-23  1.87704e+06  1.52522  1 
8.55707e-17  5.51139e-23  2.03256e+06  1.30912  1 
8.63386e-17  5.39396e-23  2.0508e+06  1.28123  1 
8.09633e-17  6.30146e-23  1.92312e+06  1.49678  1 
8.10644e-17  5.83468e-23  1.92552e+06  1.38591  1 
8.28528e-17  5.80884e-23  1.968e+06  1.37977  1 
8.01247e-17  6.46539e-23  1.9032e+06  1.53572  2 
8.67731e-17  5.57091e-23  2.06112e+06  1.32326  2 
8.10947e-17  6.32815e-23  1.92624e+06  1.50312  2 
8.16201e-17  5.93874e-23  1.93872e+06  1.41063  2 
8.78037e-17  5.49883e-23  2.0856e+06  1.30614  2 
8.27618e-17  5.88807e-23  1.96584e+06  1.39859  2 
8.02661e-17  6.49502e-23  1.90656e+06  1.54276  3 
8.1125e-17  6.47182e-23  1.92696e+06  1.53725  3 
8.12361e-17  6.44554e-23  1.9296e+06  1.53101  3 
8.20546e-17  6.08787e-23  1.94904e+06  1.44605  3 
8.82281e-17  5.51592e-23  2.09568e+06  1.3102  3 
8.3651e-17  5.89336e-23  1.98696e+06  1.39985  3 
8.78947e-17  5.75616e-23  2.08776e+06  1.36726  3 
8.94592e-17  5.79399e-23  1.9692e+06  1.27539  4 
9.40603e-17  5.76022e-23  2.07048e+06  1.26795  4 
8.12968e-17  9.76179e-23  1.93104e+06  2.31871  4 
8.16302e-17  8.46701e-23  1.93896e+06  2.01117  4 
8.18424e-17  6.8065e-23  1.944e+06  1.61675  4 
8.32064e-17  6.25291e-23  1.9764e+06  1.48525  4 
8.36813e-17  6.06051e-23  1.98768e+06  1.43955  4 
8.69348e-17  5.9192e-23  2.06496e+06  1.40599  4 
8.86525e-17  5.83958e-23  2.10576e+06  1.38707  4 
9.1062e-17  5.86112e-23  2.00448e+06  1.29017  5 
9.48235e-17  5.80414e-23  2.08728e+06  1.27762  5 
8.2004e-17  8.41441e-23  1.94784e+06  1.99867  5 
8.23173e-17  8.22661e-23  1.95528e+06  1.95406  5 
8.34489e-17  6.37156e-23  1.98216e+06  1.51344  5 
8.39945e-17  6.19466e-23  1.99512e+06  1.47142  5 
8.60759e-17  6.09575e-23  2.04456e+06  1.44792  5 
8.73895e-17  5.99873e-23  2.07576e+06  1.42488  5 
8.90364e-17  5.98322e-23  2.11488e+06  1.42119  5 
8.23723e-17  1.06771e-22  1.8132e+06  2.35026  6 
8.88269e-17  6.01698e-23  1.95528e+06  1.32447  6 
9.10947e-17  6.00975e-23  2.0052e+06  1.32288  6 
8.56432e-17  6.21017e-23  1.8852e+06  1.367  6 
9.5445e-17  5.92998e-23  2.10096e+06  1.30532  6 
8.40551e-17  6.23598e-23  1.99656e+06  1.48123  6 
9.09202e-17  6.03162e-23  2.00136e+06  1.3277  7 
9.25993e-17  6.01521e-23  2.03832e+06  1.32408  7 
8.71587e-17  6.94345e-23  1.91856e+06  1.52841  7 
8.79982e-17  6.34431e-23  1.93704e+06  1.39653  7 
9.58157e-17  5.94838e-23  2.10912e+06  1.30937  7 
8.94047e-17  6.2682e-23  1.968e+06  1.37977  7 
8.52474e-17  7.73952e-23  2.02488e+06  1.83837  7 
8.55404e-17  7.37427e-23  2.03184e+06  1.75161  7 
8.5665e-17  7.44943e-23  1.88568e+06  1.63979  8 
8.53706e-17  1.06471e-22  1.8792e+06  2.34367  8 
8.73331e-17  6.95419e-23  1.9224e+06  1.53077  8 
8.84671e-17  6.80466e-23  1.94736e+06  1.49786  8 
8.88596e-17  6.54871e-23  1.956e+06  1.44152  8 
9.00044e-17  6.33455e-23  1.9812e+06  1.39438  8 
9.0386e-17  6.30225e-23  1.9896e+06  1.38727  8 
9.20214e-17  6.21773e-23  2.0256e+06  1.36866  8 
8.67008e-17  8.30126e-23  1.90848e+06  1.82729  9 
8.77148e-17  6.95622e-23  1.9308e+06  1.53122  9 
8.8925e-17  6.85961e-23  1.95744e+06  1.50996  9 
8.97318e-17  6.80743e-23  1.9752e+06  1.49847  9 
9.11601e-17  6.56371e-23  2.00664e+06  1.44482  9 
9.17925e-17  6.3606e-23  2.02056e+06  1.40011  9 
9.76256e-17  6.31127e-23  2.14896e+06  1.38925  9 
8.84889e-17  7.02306e-23  1.94784e+06  1.54594  10 
8.95028e-17  6.98589e-23  1.97016e+06  1.53775  10 
9.2861e-17  6.3726e-23  2.04408e+06  1.40275  10 
8.85325e-17  9.14323e-23  1.9488e+06  2.01263  11 
8.90231e-17  9.11044e-23  1.9596e+06  2.00541  11 
8.92085e-17  9.0368e-23  1.96368e+06  1.9892  11 
8.92412e-17  7.14842e-23  1.9644e+06  1.57353  11 
8.96664e-17  7.05434e-23  1.97376e+06  1.55282  11 
9.49871e-17  6.57592e-23  2.09088e+06  1.44751  11 
9.55976e-17  6.46119e-23  2.10432e+06  1.42225  11 
9.02661e-17  8.50659e-23  1.98696e+06  1.87249  12 
9.08875e-17  8.14757e-23  2.00064e+06  1.79346  12 
9.62518e-17  6.63405e-23  2.11872e+06  1.4603  12 
1.45636e-16  9.82957e-23  1.96296e+06  1.32488  13 
1.4585e-16  9.82658e-23  1.96584e+06  1.32448  13 
1.50533e-16  9.56336e-23  2.02896e+06  1.289  13 
1.40009e-16  1.74002e-22  1.88712e+06  2.34529  13 
1.40953e-16  1.35627e-22  1.89984e+06  1.82806  13 
1.41772e-16  1.05198e-22  1.91088e+06  1.41791  13 
1.43784e-16  1.03173e-22  1.938e+06  1.39062  13 
1.48788e-16  9.95149e-23  2.00544e+06  1.34132  14 
1.50782e-16  9.70891e-23  2.03232e+06  1.30862  14 
1.41914e-16  1.21142e-22  1.9128e+06  1.63281  14 
1.42253e-16  1.1476e-22  1.91736e+06  1.54679  14 
1.44016e-16  1.11278e-22  1.94112e+06  1.49987  14 
1.55269e-16  9.70083e-23  2.0928e+06  1.30753  14 
1.45956e-16  1.04827e-22  1.96728e+06  1.41292  14 

7.6558e-17  9.86321e-23  1.81848e+06  2.34281  0 
7.6851e-17  5.73845e-23  1.82544e+06  1.36305  0 
8.49443e-17  5.17491e-23  2.01768e+06  1.2292  0 
8.30144e-17  5.37039e-23  1.97184e+06  1.27563  0 
8.26406e-17  5.57775e-23  1.96296e+06  1.32488  0 
8.33176e-17  5.62419e-23  1.97904e+06  1.33591  1 
7.85586e-17  6.47285e-23  1.866e+06  1.53749  1 
7.90234e-17  6.42118e-23  1.87704e+06  1.52522  1 
8.55707e-17  5.51139e-23  2.03256e+06  1.30912  1 
8.63386e-17  5.39396e-23  2.0508e+06  1.28123  1 
8.09633e-17  6.30146e-23  1.92312e+06  1.49678  1 
8.10644e-17  5.83468e-23  1.92552e+06  1.38591  1 
8.28528e-17  5.80884e-23  1.968e+06  1.37977  1 
8.01247e-17  6.46539e-23  1.9032e+06  1.53572  2 
8.67731e-17  5.57091e-23  2.06112e+06  1.32326  2 
8.10947e-17  6.32815e-23  1.92624e+06  1.50312  2 
8.16201e-17  5.93874e-23  1.93872e+06  1.41063  2 
8.78037e-17  5.49883e-23  2.0856e+06  1.30614  2 
8.27618e-17  5.88807e-23  1.96584e+06  1.39859  2 
8.02661e-17  6.49502e-23  1.90656e+06  1.54276  3 
8.1125e-17  6.47182e-23  1.92696e+06  1.53725  3 
8.12361e-17  6.44554e-23  1.9296e+06  1.53101  3 
8.20546e-17  6.08787e-23  1.94904e+06  1.44605  3 
8.82281e-17  5.51592e-23  2.09568e+06  1.3102  3 
8.3651e-17  5.89336e-23  1.98696e+06  1.39985  3 
8.78947e-17  5.75616e-23  2.08776e+06  1.36726  3 
8.94592e-17  5.79399e-23  1.9692e+06  1.27539  4 
9.40603e-17  5.76022e-23  2.07048e+06  1.26795  4 
8.12968e-17  9.76179e-23  1.93104e+06  2.31871  4 
8.16302e-17  8.46701e-23  1.93896e+06  2.01117  4 
8.18424e-17  6.8065e-23  1.944e+06  1.61675  4 
8.32064e-17  6.25291e-23  1.9764e+06  1.48525  4 
8.36813e-17  6.06051e-23  1.98768e+06  1.43955  4 
8.69348e-17  5.9192e-23  2.06496e+06  1.40599  4 
8.86525e-17  5.83958e-23  2.10576e+06  1.38707  4 
9.1062e-17  5.86112e-23  2.00448e+06  1.29017  5 
9.48235e-17  5.80414e-23  2.08728e+06  1.27762  5 
8.2004e-17  8.41441e-23  1.94784e+06  1.99867  5 
8.23173e-17  8.22661e-23  1.95528e+06  1.95406  5 
8.34489e-17  6.37156e-23  1.98216e+06  1.51344  5 
8.39945e-17  6.19466e-23  1.99512e+06  1.47142  5 
8.60759e-17  6.09575e-23  2.04456e+06  1.44792  5 
8.73895e-17  5.99873e-23  2.07576e+06  1.42488  5 
8.90364e-17  5.98322e-23  2.11488e+06  1.42119  5 
8.23723e-17  1.06771e-22  1.8132e+06  2.35026  6 
8.88269e-17  6.01698e-23  1.95528e+06  1.32447  6 
9.10947e-17  6.00975e-23  2.0052e+06  1.32288  6 
8.56432e-17  6.21017e-23  1.8852e+06  1.367  6 
9.5445e-17  5.92998e-23  2.10096e+06  1.30532  6 
8.40551e-17  6.23598e-23  1.99656e+06  1.48123  6 
9.09202e-17  6.03162e-23  2.00136e+06  1.3277  7 
9.25993e-17  6.01521e-23  2.03832e+06  1.32408  7 
8.71587e-17  6.94345e-23  1.91856e+06  1.52841  7 
8.79982e-17  6.34431e-23  1.93704e+06  1.39653  7 
9.58157e-17  5.94838e-23  2.10912e+06  1.30937  7 
8.94047e-17  6.2682e-23  1.968e+06  1.37977  7 
8.52474e-17  7.73952e-23  2.02488e+06  1.83837  7 
8.55404e-17  7.37427e-23  2.03184e+06  1.75161  7 
8.5665e-17  7.44943e-23  1.88568e+06  1.63979  8 
8.53706e-17  1.06471e-22  1.8792e+06  2.34367  8 
8.73331e-17  6.95419e-23  1.9224e+06  1.53077  8 
8.84671e-17  6.80466e-23  1.94736e+06  1.49786  8 
8.88596e-17  6.54871e-23  1.956e+06  1.44152  8 
9.00044e-17  6.33455e-23  1.9812e+06  1.39438  8 
9.0386e-17  6.30225e-23  1.9896e+06  1.38727  8 
9.20214e-17  6.21773e-23  2.0256e+06  1.36866  8 
8.67008e-17  8.30126e-23  1.90848e+06  1.82729  9 
8.77148e-17  6.95622e-23  1.9308e+06  1.53122  9 
8.8925e-17  6.85961e-23  1.95744e+06  1.50996  9 
8.97318e-17  6.80743e-23  1.9752e+06  1.49847  9 
9.11601e-17  6.56371e-23  2.00664e+06  1.44482  9 
9.17925e-17  6.3606e-23  2.02056e+06  1.40011  9 
9.76256e-17  6.31127e-23  2.14896e+06  1.38925  9 
8.84889e-17  7.02306e-23  1.94784e+06  1.54594  10 
8.95028e-17  6.98589e-23  1.97016e+06  1.53775  10 
9.2861e-17  6.3726e-23  2.04408e+06  1.40275  10 
8.85325e-17  9.14323e-23  1.9488e+06  2.01263  11 
8.90231e-17  9.11044e-23  1.9596e+06  2.00541  11 
8.92085e-17  9.0368e-23  1.96368e+06  1.9892  11 
8.92412e-17  7.14842e-23  1.9644e+06  1.57353  11 
8.96664e-17  7.05434e-23  1.97376e+06  1.55282  11 
9.49871e-17  6.57592e-23  2.09088e+06  1.44751  11 
9.55976e-17  6.46119e-23  2.10432e+06  1.42225  11 
9.02661e-17  8.50659e-23  1.98696e+06  1.87249  12 
9.08875e-17  8.14757e-23  2.00064e+06  1.79346  12 
9.62518e-17  6.63405e-23  2.11872e+06  1.4603  12 
1.45636e-16  9.82957e-23  1.96296e+06  1.32488  13 
1.4585e-16  9.82658e-23  1.96584e+06  1.32448  13 
1.50533e-16  9.56336e-23  2.02896e+06  1.289  13 
1.40009e-16  1.74002e-22  1.88712e+06  2.34529  13 
1.40953e-16  1.35627e-22  1.89984e+06  1.82806  13 
1.41772e-16  1.05198e-22  1.91088e+06  1.41791  13 
1.43784e-16  1.03173e-22  1.938e+06  1.39062  13 
1.48788e-16  9.95149e-23  2.00544e+06  1.34132  14 
1.50782e-16  9.70891e-23  2.03232e+06  1.30862  14 
1.41914e-16  1.21142e-22  1.9128e+06  1.63281  14 
1.42253e-16  1.1476e-22  1.91736e+06  1.54679  14 
1.44016e-16  1.11278e-22  1.94112e+06  1.49987  14 
1.55269e-16  9.70083e-23  2.0928e+06  1.30753  14 
1.45956e-16  1.04827e-22  1.96728e+06  1.41292  14 

7.6558e-17  9.86321e-23  1.81848e+06  2.34281  0 
7.6851e-17  5.73845e-23  1.82544e+06  1.36305  0 
8.49443e-17  5.17491e-23  2.01768e+06  1.2292  0 
8.30144e-17  5.37039e-23  1.97184e+06  1.27563  0 
8.26406e-17  5.57775e-23  1.96296e+06  1.32488  0 
8.33176e-17  5.62419e-23  1.97904e+06  1.33591  1 
7.85586e-17  6.47285e-23  1.866e+06  1.53749  1 
7.90234e-17  6.42118e-23  1.87704e+06  1.52522  1 
8.55707e-17  5.51139e-23  2.03256e+06  1.30912  1 
8.63386e-17  5.39396e-23  2.0508e+06  1.28123  1 
8.09633e-17  6.30146e-23  1.92312e+06  1.49678  1 
8.10644e-17  5.83468e-23  1.92552e+06  1.38591  1 
8.28528e-17  5.80884e-23  1.968e+06  1.37977  1 
8.01247e-17  6.46539e-23  1.9032e+06  1.53572  2 
8.67731e-17  5.57091e-23  2.06112e+06  1.32326  2 
8.10947e-17  6.32815e-23  1.92624e+06  1.50312  2 
8.16201e-17  5.93874e-23  1.93872e+06  1.41063  2 
8.78037e-17  5.49883e-23  2.0856e+06  1.30614  2 
8.27618e-17  5.88807e-23  1.96584e+06  1.39859  2 
8.02661e-17  6.49502e-23  1.90656e+06  1.54276  3 
8.1125e-17  6.47182e-23  1.92696e+06  1.53725  3 
8.12361e-17  6.44554e-23  1.9296e+06  1.53101  3 
8.20546e-17  6.08787e-23  1.94904e+06  1.44605  3 
8.82281e-17  5.51592e-23  2.09568e+06  1.3102  3 
8.3651e-17  5.89336e-23  1.98696e+06  1.39985  3 
8.78947e-17  5.75616e-23  2.08776e+06  1.36726  3 
8.94592e-17  5.79399e-23  1.9692e+06  1.27539  4 
9.40603e-17  5.76022e-23  2.07048e+06  1.26795  4 
8.12968e-17  9.76179e-23  1.93104e+06  2.31871  4 
8.16302e-17  8.46701e-23  1.93896e+06  2.01117  4 
8.18424e-17  6.8065e-23  1.944e+06  1.61675  4 
8.32064e-17  6.25291e-23  1.9764e+06  1.48525  4 
8.36813e-17  6.06051e-23  1.98768e+06  1.43955  4 
8.69348e-17  5.9192e-23  2.06496e+06  1.40599  4 
8.86525e-17  5.83958e-23  2.10576e+06  1.38707  4 
9.1062e-17  5.86112e-23  2.00448e+06  1.29017  5 
9.48235e-17  5.80414e-23  2.08728e+06  1.27762  5 
8.2004e-17  8.41441e-23  1.94784e+06  1.99867  5 
8.23173e-17  8.22661e-23  1.95528e+06  1.95406  5 
8.34489e-17  6.37156e-23  1.98216e+06  1.51344  5 
8.39945e-17  6.19466e-23  1.99512e+06  1.47142  5 
8.60759e-17  6.09575e-23  2.04456e+06  1.44792  5 
8.73895e-17  5.99873e-23  2.07576e+06  1.42488  5 
8.90364e-17  5.98322e-23  2.11488e+06  1.42119  5 
8.23723e-17  1.06771e-22  1.8132e+06  2.35026  6 
8.88269e-17  6.01698e-23  1.95528e+06  1.32447  6 
9.10947e-17  6.00975e-23  2.0052e+06  1.32288  6 
8.56432e-17  6.21017e-23  1.8852e+06  1.367  6 
9.5445e-17  5.92998e-23  2.10096e+06  1.30532  6 
8.40551e-17  6.23598e-23  1.99656e+06  1.48123  6 
9.09202e-17  6.03162e-23  2.00136e+06  1.3277  7 
9.25993e-17  6.01521e-23  2.03832e+06  1.32408  7 
8.71587e-17  6.94345e-23  1.91856e+06  1.52841  7 
8.79982e-17  6.34431e-23  1.93704e+06  1.39653  7 
9.58157e-17  5.94838e-23  2.10912e+06  1.30937  7 
8.94047e-17  6.2682e-23  1.968e+06  1.37977  7 
8.52474e-17  7.73952e-23  2.02488e+06  1.83837  7 
8.55404e-17  7.37427e-23  2.03184e+06  1.75161  7 
8.5665e-17  7.44943e-23  1.88568e+06  1.63979  8 
8.53706e-17  1.06471e-22  1.8792e+06  2.34367  8 
8.73331e-17  6.95419e-23  1.9224e+06  1.53077  8 
8.84671e-17  6.80466e-23  1.94736e+06  1.49786  8 
8.88596e-17  6.54871e-23  1.956e+06  1.44152  8 
9.00044e-17  6.33455e-23  1.9812e+06  1.39438  8 
9.0386e-17  6.30225e-23  1.9896e+06  1.38727  8 
9.20214e-17  6.21773e-23  2.0256e+06  1.36866  8 
8.67008e-17  8.30126e-23  1.90848e+06  1.82729  9 
8.77148e-17  6.95622e-23  1.9308e+06  1.53122  9 
8.8925e-17  6.85961e-23  1.95744e+06  1.50996  9 
8.97318e-17  6.80743e-23  1.9752e+06  1.49847  9 
9.11601e-17  6.56371e-23  2.00664e+06  1.44482  9 
9.17925e-17  6.3606e-23  2.02056e+06  1.40011  9 
9.76256e-17  6.31127e-23  2.14896e+06  1.38925  9 
8.84889e-17  7.02306e-23  1.94784e+06  1.54594  10 
8.95028e-17  6.98589e-23  1.97016e+06  1.53775  10 
9.2861e-17  6.3726e-23  2.04408e+06  1.40275  10 
8.85325e-17  9.14323e-23  1.9488e+06  2.01263  11 
8.90231e-17  9.11044e-23  1.9596e+06  2.00541  11 
8.92085e-17  9.0368e-23  1.96368e+06  1.9892  11 
8.92412e-17  7.14842e-23  1.9644e+06  1.57353  11 
8.96664e-17  7.05434e-23  1.97376e+06  1.55282  11 
9.49871e-17  6.57592e-23  2.09088e+06  1.44751  11 
9.55976e-17  6.46119e-23  2.10432e+06  1.42225  11 
9.02661e-17  8.50659e-23  1.98696e+06  1.87249  12 
9.08875e-17  8.14757e-23  2.00064e+06  1.79346  12 
9.62518e-17  6.63405e-23  2.11872e+06  1.4603  12 
1.45636e-16  9.82957e-23  1.96296e+06  1.32488  13 
1.4585e-16  9.82658e-23  1.96584e+06  1.32448  13 
1.50533e-16  9.56336e-23  2.02896e+06  1.289  13 
1.40009e-16  1.74002e-22  1.88712e+06  2.34529  13 
1.40953e-16  1.35627e-22  1.89984e+06  1.82806  13 
1.41772e-16  1.05198e-22  1.91088e+06  1.41791  13 
1.43784e-16  1.03173e-22  1.938e+06  1.39062  13 
1.48788e-16  9.95149e-23  2.00544e+06  1.34132  14 
1.50782e-16  9.70891e-23  2.03232e+06  1.30862  14 
1.41914e-16  1.21142e-22  1.9128e+06  1.63281  14 
1.42253e-16  1.1476e-22  1.91736e+06  1.54679  14 
1.44016e-16  1.11278e-22  1.94112e+06  1.49987  14 
1.55269e-16  9.70083e-23  2.0928e+06  1.30753  14 
1.45956e-16  1.04827e-22  1.96728e+06  1.41292  14 

