1.38728e+19  1.38728e+19  1.38728e+19  1.38728e+19  0 
6.33091e+12  6.33091e+12  6.33091e+12  6.33091e+12  0 
9.69321e+18  9.69321e+18  9.69321e+18  9.69321e+18  0 
4.71914e+12  4.71914e+12  4.71914e+12  4.71914e+12  0 
2.72177e+12  2.72177e+12  2.72177e+12  2.72177e+12  0 
2.54304e+12  2.54304e+12  2.54304e+12  2.54304e+12  0 
1.99036e+12  1.99036e+12  1.99036e+12  1.99036e+12  0 
4.02215e+12  4.02215e+12  4.02215e+12  4.02215e+12  0 
1.17409e+19  1.17409e+19  1.17409e+19  1.17409e+19  0 
2.06367e+12  2.06367e+12  2.06367e+12  2.06367e+12  0 
6.9436e+16  6.9436e+16  6.9436e+16  6.9436e+16  0 
4.22499e+12  4.22499e+12  4.22499e+12  4.22499e+12  0 
2.55927e+12  2.55927e+12  2.55927e+12  2.55927e+12  0 
6.11314e+12  6.11313e+12  6.11314e+12  6.11313e+12  0 
3.21877e+12  3.21877e+12  3.21877e+12  3.21877e+12  0 
3.7067e+18  3.7067e+18  3.7067e+18  3.7067e+18  0 
8.08041e+12  8.08041e+12  8.08041e+12  8.08041e+12  0 
5.48545e+12  5.48544e+12  5.48545e+12  5.48544e+12  0 
2.61422e+12  2.61422e+12  2.61422e+12  2.61422e+12  0 
2.29149e+12  2.29149e+12  2.29149e+12  2.29149e+12  0 
3.32845e+12  3.32845e+12  3.32845e+12  3.32845e+12  0 
3.20086e+12  3.20085e+12  3.20086e+12  3.20085e+12  0 
3.8015e+12  3.8015e+12  3.8015e+12  3.8015e+12  0 
1.00509e+12  1.00508e+12  1.00509e+12  1.00508e+12  0 
1.75099e+12  1.75099e+12  1.75099e+12  1.75099e+12  0 
4.71469e+12  4.71468e+12  4.71469e+12  4.71468e+12  0 
4.05552e+12  4.05552e+12  4.05552e+12  4.05552e+12  0 
8.81352e+12  8.81351e+12  8.81352e+12  8.81351e+12  0 
3.24804e+12  3.24804e+12  3.24804e+12  3.24804e+12  0 
1.05868e+13  1.05868e+13  1.05868e+13  1.05868e+13  0 
8.22445e+12  8.22445e+12  8.22445e+12  8.22445e+12  0 
3.32268e+12  3.32267e+12  3.32268e+12  3.32267e+12  0 
2.24465e+12  2.24464e+12  2.24465e+12  2.24464e+12  0 
4.02791e+17  4.02791e+17  4.02791e+17  4.02791e+17  0 
5.93486e+12  5.93485e+12  5.93486e+12  5.93485e+12  0 
8.69213e+12  8.69213e+12  8.69213e+12  8.69213e+12  0 
6.74798e+11  6.74796e+11  6.74798e+11  6.74796e+11  0 
3.0062e+12  3.0062e+12  3.0062e+12  3.0062e+12  0 
3.52072e+12  3.52072e+12  3.52072e+12  3.52072e+12  0 
1.09182e+12  1.09182e+12  1.09182e+12  1.09182e+12  0 
1.45968e+12  1.45968e+12  1.45968e+12  1.45968e+12  0 
5.41271e+18  5.41271e+18  5.41271e+18  5.41271e+18  0 
5.24894e+12  5.24894e+12  5.24894e+12  5.24894e+12  0 
4.04581e+12  4.04581e+12  4.04581e+12  4.04581e+12  0 
3.77218e+12  3.77218e+12  3.77218e+12  3.77218e+12  0 
1.34269e+12  1.34268e+12  1.34269e+12  1.34268e+12  0 
9.34671e+18  9.34671e+18  9.34671e+18  9.34671e+18  0 
2.31437e+12  2.31436e+12  2.31437e+12  2.31436e+12  0 
5.7959e+12  5.7959e+12  5.7959e+12  5.7959e+12  0 
1.43764e+12  1.43764e+12  1.43764e+12  1.43764e+12  0 
1.65698e+12  1.65697e+12  1.65698e+12  1.65697e+12  0 
4.45296e+12  4.45296e+12  4.45296e+12  4.45296e+12  0 
5.99796e+12  5.99796e+12  5.99796e+12  5.99796e+12  0 
3.1211e+18  3.1211e+18  3.1211e+18  3.1211e+18  0 
1.94667e+12  1.94667e+12  1.94667e+12  1.94667e+12  0 
2.04411e+18  2.04411e+18  2.04411e+18  2.04411e+18  0 
8.62845e+17  8.62845e+17  8.62845e+17  8.62845e+17  0 
9.59681e+19  9.59681e+19  9.59681e+19  9.59681e+19  0 
7.16251e+12  7.1625e+12  7.16251e+12  7.1625e+12  0 
1.3764e+12  1.3764e+12  1.3764e+12  1.3764e+12  0 
2.75211e+12  2.75211e+12  2.75211e+12  2.75211e+12  0 
2.55518e+12  2.55518e+12  2.55518e+12  2.55518e+12  0 
3.45997e+12  3.45997e+12  3.45997e+12  3.45997e+12  0 
1.62847e+18  1.62847e+18  1.62847e+18  1.62847e+18  0 
7.23181e+12  7.23181e+12  7.23181e+12  7.23181e+12  0 
1.04131e+20  1.04131e+20  1.04131e+20  1.04131e+20  0 
5.89121e+12  5.8912e+12  5.89121e+12  5.8912e+12  0 
2.86396e+12  2.86396e+12  2.86396e+12  2.86396e+12  0 
2.36505e+12  2.36505e+12  2.36505e+12  2.36505e+12  0 
4.00071e+12  4.00071e+12  4.00071e+12  4.00071e+12  0 
1.12382e+12  1.12382e+12  1.12382e+12  1.12382e+12  0 
4.39333e+12  4.39332e+12  4.39333e+12  4.39332e+12  0 
6.59964e+12  6.59964e+12  6.59964e+12  6.59964e+12  0 
1.36306e+12  1.36306e+12  1.36306e+12  1.36306e+12  0 
1.53476e+12  1.53476e+12  1.53476e+12  1.53476e+12  0 
3.58505e+12  3.58505e+12  3.58505e+12  3.58505e+12  0 
2.51829e+12  2.51828e+12  2.51829e+12  2.51828e+12  0 
4.96612e+12  4.96612e+12  4.96612e+12  4.96612e+12  0 
1.36235e+12  1.36235e+12  1.36235e+12  1.36235e+12  0 
2.14884e+12  2.14883e+12  2.14884e+12  2.14883e+12  0 
3.35648e+12  3.35647e+12  3.35648e+12  3.35647e+12  0 
7.29245e+12  7.29244e+12  7.29245e+12  7.29244e+12  0 
9.26579e+10  9.26558e+10  9.26579e+10  9.26558e+10  0 
9.11969e+17  9.11969e+17  9.11969e+17  9.11969e+17  0 
1.54497e+12  1.54497e+12  1.54497e+12  1.54497e+12  0 
1.3969e+12  1.3969e+12  1.3969e+12  1.3969e+12  0 
1.88151e+12  1.88151e+12  1.88151e+12  1.88151e+12  0 
5.22497e+12  5.22497e+12  5.22497e+12  5.22497e+12  0 
1.36775e+12  1.36774e+12  1.36775e+12  1.36774e+12  0 
2.71051e+12  2.71051e+12  2.71051e+12  2.71051e+12  0 
1.34471e+19  1.34471e+19  1.34471e+19  1.34471e+19  0 
1.007e+13  1.007e+13  1.007e+13  1.007e+13  0 
6.47175e+12  6.47175e+12  6.47175e+12  6.47175e+12  0 
1.47518e+12  1.47518e+12  1.47518e+12  1.47518e+12  0 
3.54378e+18  3.54378e+18  3.54378e+18  3.54378e+18  0 
4.73296e+12  4.73296e+12  4.73296e+12  4.73296e+12  0 
4.02127e+12  4.02127e+12  4.02127e+12  4.02127e+12  0 
8.04955e+12  8.04954e+12  8.04955e+12  8.04954e+12  0 
1.29429e+19  1.29429e+19  1.29429e+19  1.29429e+19  0 
4.79301e+12  4.79301e+12  4.79301e+12  4.79301e+12  0 

6.36539e-16  5.91791e-22  1.73736e+06  1.61523  0 
6.39616e-16  6.28775e-22  1.74576e+06  1.71617  1 
7.09962e-16  4.31567e-22  1.93776e+06  1.17791  0 
6.85077e-16  4.43165e-22  1.86984e+06  1.20957  0 
6.84725e-16  4.74255e-22  1.86888e+06  1.29442  0 
6.83142e-16  4.97747e-22  1.86456e+06  1.35854  0 
6.69601e-16  5.1846e-22  1.8276e+06  1.41508  0 
6.53334e-16  5.26213e-22  1.7832e+06  1.43624  0 
6.52454e-16  5.56197e-22  1.7808e+06  1.51808  0 
6.5219e-16  5.56667e-22  1.78008e+06  1.51936  0 
6.41199e-16  5.711e-22  1.75008e+06  1.55875  0 
6.86748e-16  4.54044e-22  1.8744e+06  1.23926  1 
7.13303e-16  4.37677e-22  1.94688e+06  1.19459  1 
6.57906e-16  5.34259e-22  1.79568e+06  1.4582  1 
6.75141e-16  5.21869e-22  1.84272e+06  1.42438  1 
6.62654e-16  5.26328e-22  1.80864e+06  1.43655  1 
6.47442e-16  6.11917e-22  1.76712e+06  1.67016  1 
6.54389e-16  5.77177e-22  1.78608e+06  1.57534  1 
6.77427e-16  5.22146e-22  1.84896e+06  1.42514  2 
6.60456e-16  5.59662e-22  1.80264e+06  1.52753  2 
6.93343e-16  4.81047e-22  1.8924e+06  1.31296  2 
6.6327e-16  5.49559e-22  1.81032e+06  1.49996  2 
7.22888e-16  4.39993e-22  1.97304e+06  1.20091  2 
6.67139e-16  5.29775e-22  1.82088e+06  1.44596  2 
7.0152e-16  4.69043e-22  1.91472e+06  1.2802  2 
6.60104e-16  5.82377e-22  1.80168e+06  1.58953  2 
7.075e-16  4.5746e-22  1.93104e+06  1.24859  2 
6.62127e-16  5.61201e-22  1.8072e+06  1.53174  3 
6.69601e-16  5.31118e-22  1.8276e+06  1.44963  3 
7.11193e-16  4.75738e-22  1.94112e+06  1.29847  3 
7.20513e-16  4.69808e-22  1.96656e+06  1.28229  3 
7.45046e-16  4.55355e-22  2.03352e+06  1.24284  3 
6.79098e-16  5.34171e-22  1.85352e+06  1.45796  4 
6.63358e-16  6.14207e-22  1.81056e+06  1.67641  4 
6.70656e-16  6.07298e-22  1.83048e+06  1.65755  4 
6.75844e-16  5.88346e-22  1.84464e+06  1.60582  4 
7.20513e-16  4.80098e-22  1.96656e+06  1.31037  4 
6.74789e-16  6.02625e-22  1.84176e+06  1.6448  4 
7.33615e-16  4.74802e-22  2.00232e+06  1.29592  4 
6.79449e-16  5.56334e-22  1.85448e+06  1.51845  5 
6.68458e-16  6.19993e-22  1.82448e+06  1.6922  5 
6.76108e-16  5.90765e-22  1.84536e+06  1.61243  5 
6.9088e-16  5.35566e-22  1.88568e+06  1.46177  5 
6.75141e-16  6.12703e-22  1.84272e+06  1.6723  5 
7.69316e-16  4.96372e-22  2.09976e+06  1.35479  5 
8.87206e-16  5.68784e-22  1.8852e+06  1.20859  6 
8.83705e-16  5.70209e-22  1.87776e+06  1.21162  6 
7.01608e-16  5.70684e-22  1.91496e+06  1.55762  6 
7.80696e-16  7.68462e-22  1.65888e+06  1.63288  7 
8.74217e-16  6.2312e-22  1.8576e+06  1.32405  7 
8.36379e-16  6.96471e-22  1.7772e+06  1.47991  7 
8.72749e-16  6.39487e-22  1.85448e+06  1.35883  7 
8.23165e-16  7.34067e-22  1.74912e+06  1.5598  7 
8.34911e-16  7.12913e-22  1.77408e+06  1.51485  7 
8.19098e-16  7.47497e-22  1.74048e+06  1.58834  7 
8.03963e-16  7.67519e-22  1.70832e+06  1.63088  7 
8.30732e-16  7.3346e-22  1.7652e+06  1.55851  7 
8.82236e-16  6.1949e-22  1.87464e+06  1.31634  7 
8.84156e-16  6.07604e-22  1.87872e+06  1.29108  7 
8.46432e-16  6.76138e-22  1.79856e+06  1.43671  7 
9.09909e-16  5.97421e-22  1.93344e+06  1.26944  7 
9.12393e-16  5.87197e-22  1.93872e+06  1.24772  7 
8.383e-16  7.23498e-22  1.78128e+06  1.53734  8 
8.22487e-16  7.55593e-22  1.74768e+06  1.60554  8 
8.8619e-16  6.14789e-22  1.88304e+06  1.30635  8 
9.39208e-16  6.02656e-22  1.88832e+06  1.21167  8 
8.46997e-16  7.22014e-22  1.79976e+06  1.53419  8 
8.5976e-16  6.79063e-22  1.82688e+06  1.44292  8 
8.66198e-16  6.77538e-22  1.84056e+06  1.43968  8 
9.15443e-16  6.13315e-22  1.9452e+06  1.30322  8 
9.72821e-16  5.89041e-22  2.06712e+06  1.25164  8 
9.4255e-16  6.03634e-22  1.89504e+06  1.21363  9 
8.49256e-16  7.3146e-22  1.80456e+06  1.55426  9 
8.93192e-16  6.45997e-22  1.89792e+06  1.37266  9 
8.93418e-16  6.42323e-22  1.8984e+06  1.36486  9 
8.46658e-16  7.35451e-22  1.79904e+06  1.56274  9 
8.99404e-16  6.33712e-22  1.91112e+06  1.34656  9 
9.05165e-16  6.19108e-22  1.92336e+06  1.31552  9 
8.61454e-16  7.21668e-22  1.83048e+06  1.53345  9 
8.89239e-16  6.73284e-22  1.88952e+06  1.43064  9 
8.65972e-16  7.04855e-22  1.84008e+06  1.49773  9 
8.83705e-16  6.97941e-22  1.87776e+06  1.48304  9 
8.44173e-16  7.94511e-22  1.79376e+06  1.68824  9 
9.74176e-16  5.94177e-22  2.07e+06  1.26255  9 
8.77374e-16  7.15348e-22  1.764e+06  1.43824  10 
9.49354e-16  6.06648e-22  1.90872e+06  1.21969  10 
8.98953e-16  6.47744e-22  1.91016e+06  1.37637  10 
8.91159e-16  6.75781e-22  1.8936e+06  1.43595  10 
8.69021e-16  7.20677e-22  1.84656e+06  1.53135  10 
9.07085e-16  6.41118e-22  1.92744e+06  1.3623  10 
8.78396e-16  7.07936e-22  1.86648e+06  1.50427  10 
8.63826e-16  7.55971e-22  1.83552e+06  1.60634  10 
9.20526e-16  6.37152e-22  1.956e+06  1.35387  10 
9.34757e-16  6.22808e-22  1.98624e+06  1.32339  10 
9.45148e-16  6.1785e-22  2.00832e+06  1.31285  10 
8.49594e-16  7.86547e-22  1.80528e+06  1.67131  10 
9.2166e-16  6.43571e-22  1.85304e+06  1.29393  11 
9.15692e-16  6.59488e-22  1.84104e+06  1.32593  11 
9.34433e-16  6.42155e-22  1.87872e+06  1.29108  11 
9.49951e-16  6.20764e-22  1.90992e+06  1.24807  11 

5.52194e-17  5.25237e-23  1.69968e+06  1.6167  0 
5.64591e-17  5.0206e-23  1.73784e+06  1.54537  0 
6.35156e-17  3.83656e-23  1.95504e+06  1.18091  0 
6.18158e-17  3.86885e-23  1.90272e+06  1.19085  0 
6.04435e-17  3.93002e-23  1.86048e+06  1.20968  0 
5.94065e-17  4.3371e-23  1.82856e+06  1.33498  0 
5.8619e-17  4.66854e-23  1.80432e+06  1.437  0 
5.81667e-17  4.67425e-23  1.7904e+06  1.43876  0 
5.71141e-17  4.84969e-23  1.758e+06  1.49276  0 
5.7005e-17  4.85758e-23  1.75464e+06  1.49519  0 
5.67866e-17  4.9407e-23  1.74792e+06  1.52077  0 
5.95e-17  4.59574e-23  1.83144e+06  1.41459  1 
6.06774e-17  4.20796e-23  1.86768e+06  1.29523  1 
5.68412e-17  5.16454e-23  1.7496e+06  1.58967  1 
5.74104e-17  4.89718e-23  1.76712e+06  1.50738  1 
5.87905e-17  4.72583e-23  1.8096e+06  1.45463  1 
5.77145e-17  4.86283e-23  1.77648e+06  1.4968  1 
5.72389e-17  5.02856e-23  1.76184e+06  1.54782  1 
6.04669e-17  4.36399e-23  1.8612e+06  1.34326  1 
6.1691e-17  4.18004e-23  1.89888e+06  1.28664  1 
6.31257e-17  3.90819e-23  1.94304e+06  1.20296  1 
6.22134e-17  3.9389e-23  1.91496e+06  1.21241  1 
6.57222e-17  3.87059e-23  2.02296e+06  1.19139  1 
6.69463e-17  3.86912e-23  2.06064e+06  1.19094  1 
5.97495e-17  4.6535e-23  1.83912e+06  1.43237  2 
5.78938e-17  4.98709e-23  1.782e+06  1.53505  2 
6.16209e-17  4.26309e-23  1.89672e+06  1.3122  2 
5.94844e-17  4.76764e-23  1.83096e+06  1.4675  2 
6.17768e-17  4.21942e-23  1.90152e+06  1.29876  2 
5.86034e-17  4.9147e-23  1.80384e+06  1.51277  2 
6.25175e-17  4.17599e-23  1.92432e+06  1.28539  2 
5.7426e-17  5.57097e-23  1.7676e+06  1.71477  2 
6.31959e-17  4.05621e-23  1.9452e+06  1.24852  2 
6.41549e-17  4.00753e-23  1.97472e+06  1.23354  2 
5.83227e-17  5.13856e-23  1.7952e+06  1.58167  3 
6.2767e-17  4.33487e-23  1.932e+06  1.33429  3 
6.20029e-17  4.46722e-23  1.90848e+06  1.37503  3 
6.31335e-17  4.17992e-23  1.94328e+06  1.2866  3 
5.82213e-17  5.51582e-23  1.79208e+06  1.6978  3 
6.12544e-17  4.68476e-23  1.88544e+06  1.44199  3 
6.35468e-17  4.14366e-23  1.956e+06  1.27544  3 
6.02174e-17  4.92189e-23  1.85352e+06  1.51498  3 
5.96794e-17  5.11458e-23  1.83696e+06  1.57429  3 
6.49035e-17  4.05489e-23  1.99776e+06  1.24811  3 
6.20029e-17  4.64852e-23  1.90848e+06  1.43084  4 
5.84162e-17  5.43538e-23  1.79808e+06  1.67304  4 
6.49191e-17  4.12089e-23  1.99824e+06  1.26843  4 
6.10283e-17  5.1751e-23  1.87848e+06  1.59292  4 
6.16209e-17  4.93453e-23  1.89672e+06  1.51887  4 
6.12544e-17  5.08568e-23  1.88544e+06  1.5654  4 
6.02953e-17  5.28489e-23  1.85592e+06  1.62671  4 
6.33128e-17  4.69759e-23  1.9488e+06  1.44594  5 
6.04123e-17  5.75421e-23  1.85952e+06  1.77117  5 
6.07476e-17  5.45245e-23  1.86984e+06  1.67829  5 
6.09113e-17  5.34314e-23  1.87488e+06  1.64465  5 
6.70087e-17  4.39875e-23  2.06256e+06  1.35396  5 
1.26493e-16  1.13025e-22  1.69392e+06  1.51357  6 
1.37873e-16  9.07635e-23  1.84632e+06  1.21546  6 
1.37048e-16  9.08369e-23  1.83528e+06  1.21644  6 
1.33518e-16  1.0351e-22  1.788e+06  1.38616  6 
1.2841e-16  1.09767e-22  1.7196e+06  1.46994  6 
1.46852e-16  8.81108e-23  1.96656e+06  1.17993  6 
1.44432e-16  8.97736e-23  1.93416e+06  1.2022  6 
1.38984e-16  9.67444e-23  1.8612e+06  1.29555  7 
1.28589e-16  1.17035e-22  1.722e+06  1.56727  7 
1.48501e-16  8.83052e-23  1.98864e+06  1.18254  7 
1.3617e-16  1.07271e-22  1.82352e+06  1.43652  7 
1.37031e-16  1.05844e-22  1.83504e+06  1.41741  7 
1.32478e-16  1.11683e-22  1.77408e+06  1.4956  7 
1.32496e-16  1.10975e-22  1.77432e+06  1.48611  7 
1.41439e-16  9.51314e-23  1.89408e+06  1.27395  7 
1.31564e-16  1.15582e-22  1.76184e+06  1.54782  7 
1.32048e-16  1.14627e-22  1.76832e+06  1.53502  7 
1.43966e-16  9.2935e-23  1.92792e+06  1.24454  7 
1.54128e-16  8.81437e-23  2.064e+06  1.18037  7 
1.47371e-16  9.23089e-23  1.97352e+06  1.23615  7 
1.36833e-16  1.08349e-22  1.8324e+06  1.45095  8 
1.41188e-16  9.82144e-23  1.89072e+06  1.31524  8 
1.50382e-16  8.85862e-23  2.01384e+06  1.1863  8 
1.33339e-16  1.12893e-22  1.7856e+06  1.5118  8 
1.33554e-16  1.11553e-22  1.78848e+06  1.49386  8 
1.31887e-16  1.26741e-22  1.76616e+06  1.69725  8 
1.42443e-16  9.60922e-23  1.90752e+06  1.28682  8 
1.4273e-16  9.60465e-23  1.91136e+06  1.2862  8 
1.32962e-16  1.14617e-22  1.78056e+06  1.53489  8 
1.44253e-16  9.53917e-23  1.93176e+06  1.27743  8 
1.41153e-16  1.07715e-22  1.89024e+06  1.44246  8 
1.49827e-16  8.97945e-23  2.0064e+06  1.20248  8 
1.46189e-16  9.30565e-23  1.95768e+06  1.24616  8 
1.51314e-16  8.87162e-23  2.02632e+06  1.18804  9 
1.44934e-16  9.57761e-23  1.94088e+06  1.28258  9 
1.34414e-16  1.2705e-22  1.8e+06  1.70138  9 
1.34593e-16  1.26741e-22  1.8024e+06  1.69725  9 
1.35346e-16  1.25071e-22  1.81248e+06  1.67488  9 
1.43214e-16  1.07918e-22  1.91784e+06  1.44518  9 
1.46977e-16  9.30767e-23  1.96824e+06  1.24643  9 
1.38626e-16  1.17242e-22  1.8564e+06  1.57005  9 
1.39378e-16  1.13393e-22  1.86648e+06  1.5185  9 
1.40059e-16  1.13031e-22  1.8756e+06  1.51365  9 
1.51888e-16  8.88552e-23  2.034e+06  1.1899  10 

4.67502e-17  4.22567e-23  1.6908e+06  1.52828  0 
4.71882e-17  4.51214e-23  1.70664e+06  1.63189  1 
5.75601e-17  3.21296e-23  2.08176e+06  1.16202  0 
5.23708e-17  3.21757e-23  1.89408e+06  1.16369  0 
5.13555e-17  3.35171e-23  1.85736e+06  1.2122  0 
5.01876e-17  3.37328e-23  1.81512e+06  1.22  0 
5.00151e-17  3.38112e-23  1.80888e+06  1.22284  0 
4.96235e-17  3.98071e-23  1.79472e+06  1.43969  0 
4.83561e-17  4.14286e-23  1.74888e+06  1.49834  0 
4.84755e-17  4.15631e-23  1.7532e+06  1.5032  1 
5.25168e-17  3.25979e-23  1.89936e+06  1.17896  1 
4.99553e-17  4.00991e-23  1.80672e+06  1.45025  1 
5.07583e-17  3.72671e-23  1.83576e+06  1.34783  1 
4.84424e-17  4.30234e-23  1.752e+06  1.55601  1 
5.18864e-17  3.55561e-23  1.87656e+06  1.28595  1 
5.20125e-17  3.43339e-23  1.88112e+06  1.24174  1 
5.54035e-17  3.25559e-23  2.00376e+06  1.17744  1 
5.66643e-17  3.21951e-23  2.04936e+06  1.16439  1 
5.11896e-17  3.75116e-23  1.85136e+06  1.35667  2 
5.08777e-17  3.98096e-23  1.84008e+06  1.43978  2 
5.37976e-17  3.27629e-23  1.94568e+06  1.18493  2 
4.86215e-17  4.25359e-23  1.75848e+06  1.53838  2 
5.19859e-17  3.71419e-23  1.88016e+06  1.3433  2 
5.43749e-17  3.26248e-23  1.96656e+06  1.17993  2 
5.21717e-17  3.59516e-23  1.88688e+06  1.30025  2 
5.24106e-17  3.56023e-23  1.89552e+06  1.28762  2 
5.49058e-17  3.2623e-23  1.98576e+06  1.17987  2 
5.30676e-17  3.55467e-23  1.91928e+06  1.28561  2 
5.328e-17  3.52727e-23  1.92696e+06  1.2757  2 
5.37843e-17  3.45213e-23  1.9452e+06  1.24852  2 
5.12427e-17  3.91572e-23  1.85328e+06  1.41619  3 
5.11498e-17  4.01964e-23  1.84992e+06  1.45377  3 
5.42687e-17  3.34035e-23  1.96272e+06  1.20809  3 
4.89998e-17  4.41551e-23  1.77216e+06  1.59695  3 
5.23111e-17  3.72312e-23  1.89192e+06  1.34653  3 
4.90661e-17  4.27672e-23  1.77456e+06  1.54675  3 
5.24438e-17  3.6282e-23  1.89672e+06  1.3122  3 
5.24637e-17  3.5807e-23  1.89744e+06  1.29502  3 
5.26694e-17  3.57445e-23  1.90488e+06  1.29276  3 
5.30411e-17  3.57258e-23  1.91832e+06  1.29208  3 
5.33795e-17  3.53345e-23  1.93056e+06  1.27793  3 
5.59144e-17  3.2964e-23  2.02224e+06  1.1922  3 
5.62197e-17  3.27628e-23  2.03328e+06  1.18492  3 
5.39966e-17  3.50071e-23  1.95288e+06  1.26609  3 
5.28088e-17  3.62027e-23  1.90992e+06  1.30933  4 
5.4282e-17  3.40895e-23  1.9632e+06  1.2329  4 
5.326e-17  3.88374e-23  1.92624e+06  1.40462  5 
5.4501e-17  3.54288e-23  1.97112e+06  1.28134  5 
5.47465e-17  3.45313e-23  1.98e+06  1.24888  5 
5.33795e-17  4.11549e-23  1.93056e+06  1.48844  6 
5.37047e-17  3.99851e-23  1.94232e+06  1.44613  6 
5.48593e-17  3.49647e-23  1.98408e+06  1.26456  6 
5.81667e-17  4.67425e-23  1.7904e+06  1.43876  7 
5.67866e-17  4.9407e-23  1.74792e+06  1.52077  7 
5.71141e-17  4.84969e-23  1.758e+06  1.49276  7 
5.7005e-17  4.85758e-23  1.75464e+06  1.49519  7 
6.04435e-17  3.93002e-23  1.86048e+06  1.20968  7 
5.8619e-17  4.66854e-23  1.80432e+06  1.437  7 
6.18158e-17  3.86885e-23  1.90272e+06  1.19085  7 
5.52194e-17  5.25237e-23  1.69968e+06  1.6167  7 
5.94065e-17  4.3371e-23  1.82856e+06  1.33498  7 
5.64591e-17  5.0206e-23  1.73784e+06  1.54537  7 
6.35156e-17  3.83656e-23  1.95504e+06  1.18091  7 
5.74104e-17  4.89718e-23  1.76712e+06  1.50738  8 
5.87905e-17  4.72583e-23  1.8096e+06  1.45463  8 
5.77145e-17  4.86283e-23  1.77648e+06  1.4968  8 
5.95e-17  4.59574e-23  1.83144e+06  1.41459  8 
6.31257e-17  3.90819e-23  1.94304e+06  1.20296  8 
6.04669e-17  4.36399e-23  1.8612e+06  1.34326  8 
6.22134e-17  3.9389e-23  1.91496e+06  1.21241  8 
5.68412e-17  5.16454e-23  1.7496e+06  1.58967  8 
6.06774e-17  4.20796e-23  1.86768e+06  1.29523  8 
5.72389e-17  5.02856e-23  1.76184e+06  1.54782  8 
6.1691e-17  4.18004e-23  1.89888e+06  1.28664  8 
6.57222e-17  3.87059e-23  2.02296e+06  1.19139  8 
6.69463e-17  3.86912e-23  2.06064e+06  1.19094  8 
5.97495e-17  4.6535e-23  1.83912e+06  1.43237  9 
5.94844e-17  4.76764e-23  1.83096e+06  1.4675  9 
5.86034e-17  4.9147e-23  1.80384e+06  1.51277  9 
5.7426e-17  5.57097e-23  1.7676e+06  1.71477  9 
6.16209e-17  4.26309e-23  1.89672e+06  1.3122  9 
5.78938e-17  4.98709e-23  1.782e+06  1.53505  9 
6.17768e-17  4.21942e-23  1.90152e+06  1.29876  9 
6.25175e-17  4.17599e-23  1.92432e+06  1.28539  9 
6.31959e-17  4.05621e-23  1.9452e+06  1.24852  9 
6.41549e-17  4.00753e-23  1.97472e+06  1.23354  9 
6.12544e-17  4.68476e-23  1.88544e+06  1.44199  10 
6.20029e-17  4.46722e-23  1.90848e+06  1.37503  10 
5.82213e-17  5.51582e-23  1.79208e+06  1.6978  10 
5.83227e-17  5.13856e-23  1.7952e+06  1.58167  10 
6.02174e-17  4.92189e-23  1.85352e+06  1.51498  10 
6.2767e-17  4.33487e-23  1.932e+06  1.33429  10 
6.31335e-17  4.17992e-23  1.94328e+06  1.2866  10 
5.96794e-17  5.11458e-23  1.83696e+06  1.57429  10 
6.35468e-17  4.14366e-23  1.956e+06  1.27544  10 
6.49035e-17  4.05489e-23  1.99776e+06  1.24811  10 
7.17665e-17  4.44128e-23  1.88088e+06  1.16399  11 
7.14094e-17  4.50995e-23  1.87152e+06  1.18198  11 
7.42757e-17  4.37237e-23  1.94664e+06  1.14592  11 
7.07684e-17  4.64722e-23  1.85472e+06  1.21796  11 

4.67502e-17  4.22567e-23  1.6908e+06  1.52828  0 
4.71882e-17  4.51214e-23  1.70664e+06  1.63189  1 
5.75601e-17  3.21296e-23  2.08176e+06  1.16202  0 
5.23708e-17  3.21757e-23  1.89408e+06  1.16369  0 
5.13555e-17  3.35171e-23  1.85736e+06  1.2122  0 
5.01876e-17  3.37328e-23  1.81512e+06  1.22  0 
5.00151e-17  3.38112e-23  1.80888e+06  1.22284  0 
4.96235e-17  3.98071e-23  1.79472e+06  1.43969  0 
4.83561e-17  4.14286e-23  1.74888e+06  1.49834  0 
4.84755e-17  4.15631e-23  1.7532e+06  1.5032  1 
5.25168e-17  3.25979e-23  1.89936e+06  1.17896  1 
4.99553e-17  4.00991e-23  1.80672e+06  1.45025  1 
5.07583e-17  3.72671e-23  1.83576e+06  1.34783  1 
4.84424e-17  4.30234e-23  1.752e+06  1.55601  1 
5.18864e-17  3.55561e-23  1.87656e+06  1.28595  1 
5.20125e-17  3.43339e-23  1.88112e+06  1.24174  1 
5.54035e-17  3.25559e-23  2.00376e+06  1.17744  1 
5.66643e-17  3.21951e-23  2.04936e+06  1.16439  1 
5.11896e-17  3.75116e-23  1.85136e+06  1.35667  2 
5.08777e-17  3.98096e-23  1.84008e+06  1.43978  2 
5.37976e-17  3.27629e-23  1.94568e+06  1.18493  2 
4.86215e-17  4.25359e-23  1.75848e+06  1.53838  2 
5.19859e-17  3.71419e-23  1.88016e+06  1.3433  2 
5.43749e-17  3.26248e-23  1.96656e+06  1.17993  2 
5.21717e-17  3.59516e-23  1.88688e+06  1.30025  2 
5.24106e-17  3.56023e-23  1.89552e+06  1.28762  2 
5.49058e-17  3.2623e-23  1.98576e+06  1.17987  2 
5.30676e-17  3.55467e-23  1.91928e+06  1.28561  2 
5.328e-17  3.52727e-23  1.92696e+06  1.2757  2 
5.37843e-17  3.45213e-23  1.9452e+06  1.24852  2 
5.12427e-17  3.91572e-23  1.85328e+06  1.41619  3 
5.11498e-17  4.01964e-23  1.84992e+06  1.45377  3 
5.42687e-17  3.34035e-23  1.96272e+06  1.20809  3 
4.89998e-17  4.41551e-23  1.77216e+06  1.59695  3 
5.23111e-17  3.72312e-23  1.89192e+06  1.34653  3 
4.90661e-17  4.27672e-23  1.77456e+06  1.54675  3 
5.24438e-17  3.6282e-23  1.89672e+06  1.3122  3 
5.24637e-17  3.5807e-23  1.89744e+06  1.29502  3 
5.26694e-17  3.57445e-23  1.90488e+06  1.29276  3 
5.30411e-17  3.57258e-23  1.91832e+06  1.29208  3 
5.33795e-17  3.53345e-23  1.93056e+06  1.27793  3 
5.59144e-17  3.2964e-23  2.02224e+06  1.1922  3 
5.62197e-17  3.27628e-23  2.03328e+06  1.18492  3 
5.39966e-17  3.50071e-23  1.95288e+06  1.26609  3 
5.28088e-17  3.62027e-23  1.90992e+06  1.30933  4 
5.4282e-17  3.40895e-23  1.9632e+06  1.2329  4 
5.326e-17  3.88374e-23  1.92624e+06  1.40462  5 
5.4501e-17  3.54288e-23  1.97112e+06  1.28134  5 
5.47465e-17  3.45313e-23  1.98e+06  1.24888  5 
5.33795e-17  4.11549e-23  1.93056e+06  1.48844  6 
5.37047e-17  3.99851e-23  1.94232e+06  1.44613  6 
5.48593e-17  3.49647e-23  1.98408e+06  1.26456  6 
5.81667e-17  4.67425e-23  1.7904e+06  1.43876  7 
5.67866e-17  4.9407e-23  1.74792e+06  1.52077  7 
5.71141e-17  4.84969e-23  1.758e+06  1.49276  7 
5.7005e-17  4.85758e-23  1.75464e+06  1.49519  7 
6.04435e-17  3.93002e-23  1.86048e+06  1.20968  7 
5.8619e-17  4.66854e-23  1.80432e+06  1.437  7 
6.18158e-17  3.86885e-23  1.90272e+06  1.19085  7 
5.52194e-17  5.25237e-23  1.69968e+06  1.6167  7 
5.94065e-17  4.3371e-23  1.82856e+06  1.33498  7 
5.64591e-17  5.0206e-23  1.73784e+06  1.54537  7 
6.35156e-17  3.83656e-23  1.95504e+06  1.18091  7 
5.74104e-17  4.89718e-23  1.76712e+06  1.50738  8 
5.87905e-17  4.72583e-23  1.8096e+06  1.45463  8 
5.77145e-17  4.86283e-23  1.77648e+06  1.4968  8 
5.95e-17  4.59574e-23  1.83144e+06  1.41459  8 
6.31257e-17  3.90819e-23  1.94304e+06  1.20296  8 
6.04669e-17  4.36399e-23  1.8612e+06  1.34326  8 
6.22134e-17  3.9389e-23  1.91496e+06  1.21241  8 
5.68412e-17  5.16454e-23  1.7496e+06  1.58967  8 
6.06774e-17  4.20796e-23  1.86768e+06  1.29523  8 
5.72389e-17  5.02856e-23  1.76184e+06  1.54782  8 
6.1691e-17  4.18004e-23  1.89888e+06  1.28664  8 
6.57222e-17  3.87059e-23  2.02296e+06  1.19139  8 
6.69463e-17  3.86912e-23  2.06064e+06  1.19094  8 
5.97495e-17  4.6535e-23  1.83912e+06  1.43237  9 
5.94844e-17  4.76764e-23  1.83096e+06  1.4675  9 
5.86034e-17  4.9147e-23  1.80384e+06  1.51277  9 
5.7426e-17  5.57097e-23  1.7676e+06  1.71477  9 
6.16209e-17  4.26309e-23  1.89672e+06  1.3122  9 
5.78938e-17  4.98709e-23  1.782e+06  1.53505  9 
6.17768e-17  4.21942e-23  1.90152e+06  1.29876  9 
6.25175e-17  4.17599e-23  1.92432e+06  1.28539  9 
6.31959e-17  4.05621e-23  1.9452e+06  1.24852  9 
6.41549e-17  4.00753e-23  1.97472e+06  1.23354  9 
6.12544e-17  4.68476e-23  1.88544e+06  1.44199  10 
6.20029e-17  4.46722e-23  1.90848e+06  1.37503  10 
5.82213e-17  5.51582e-23  1.79208e+06  1.6978  10 
5.83227e-17  5.13856e-23  1.7952e+06  1.58167  10 
6.02174e-17  4.92189e-23  1.85352e+06  1.51498  10 
6.2767e-17  4.33487e-23  1.932e+06  1.33429  10 
6.31335e-17  4.17992e-23  1.94328e+06  1.2866  10 
5.96794e-17  5.11458e-23  1.83696e+06  1.57429  10 
6.35468e-17  4.14366e-23  1.956e+06  1.27544  10 
6.49035e-17  4.05489e-23  1.99776e+06  1.24811  10 
7.17665e-17  4.44128e-23  1.88088e+06  1.16399  11 
7.14094e-17  4.50995e-23  1.87152e+06  1.18198  11 
7.42757e-17  4.37237e-23  1.94664e+06  1.14592  11 
7.07684e-17  4.64722e-23  1.85472e+06  1.21796  11 

4.67502e-17  4.22567e-23  1.6908e+06  1.52828  0 
4.71882e-17  4.51214e-23  1.70664e+06  1.63189  1 
5.75601e-17  3.21296e-23  2.08176e+06  1.16202  0 
5.23708e-17  3.21757e-23  1.89408e+06  1.16369  0 
5.13555e-17  3.35171e-23  1.85736e+06  1.2122  0 
5.01876e-17  3.37328e-23  1.81512e+06  1.22  0 
5.00151e-17  3.38112e-23  1.80888e+06  1.22284  0 
4.96235e-17  3.98071e-23  1.79472e+06  1.43969  0 
4.83561e-17  4.14286e-23  1.74888e+06  1.49834  0 
4.84755e-17  4.15631e-23  1.7532e+06  1.5032  1 
5.25168e-17  3.25979e-23  1.89936e+06  1.17896  1 
4.99553e-17  4.00991e-23  1.80672e+06  1.45025  1 
5.07583e-17  3.72671e-23  1.83576e+06  1.34783  1 
4.84424e-17  4.30234e-23  1.752e+06  1.55601  1 
5.18864e-17  3.55561e-23  1.87656e+06  1.28595  1 
5.20125e-17  3.43339e-23  1.88112e+06  1.24174  1 
5.54035e-17  3.25559e-23  2.00376e+06  1.17744  1 
5.66643e-17  3.21951e-23  2.04936e+06  1.16439  1 
5.11896e-17  3.75116e-23  1.85136e+06  1.35667  2 
5.08777e-17  3.98096e-23  1.84008e+06  1.43978  2 
5.37976e-17  3.27629e-23  1.94568e+06  1.18493  2 
4.86215e-17  4.25359e-23  1.75848e+06  1.53838  2 
5.19859e-17  3.71419e-23  1.88016e+06  1.3433  2 
5.43749e-17  3.26248e-23  1.96656e+06  1.17993  2 
5.21717e-17  3.59516e-23  1.88688e+06  1.30025  2 
5.24106e-17  3.56023e-23  1.89552e+06  1.28762  2 
5.49058e-17  3.2623e-23  1.98576e+06  1.17987  2 
5.30676e-17  3.55467e-23  1.91928e+06  1.28561  2 
5.328e-17  3.52727e-23  1.92696e+06  1.2757  2 
5.37843e-17  3.45213e-23  1.9452e+06  1.24852  2 
5.12427e-17  3.91572e-23  1.85328e+06  1.41619  3 
5.11498e-17  4.01964e-23  1.84992e+06  1.45377  3 
5.42687e-17  3.34035e-23  1.96272e+06  1.20809  3 
4.89998e-17  4.41551e-23  1.77216e+06  1.59695  3 
5.23111e-17  3.72312e-23  1.89192e+06  1.34653  3 
4.90661e-17  4.27672e-23  1.77456e+06  1.54675  3 
5.24438e-17  3.6282e-23  1.89672e+06  1.3122  3 
5.24637e-17  3.5807e-23  1.89744e+06  1.29502  3 
5.26694e-17  3.57445e-23  1.90488e+06  1.29276  3 
5.30411e-17  3.57258e-23  1.91832e+06  1.29208  3 
5.33795e-17  3.53345e-23  1.93056e+06  1.27793  3 
5.59144e-17  3.2964e-23  2.02224e+06  1.1922  3 
5.62197e-17  3.27628e-23  2.03328e+06  1.18492  3 
5.39966e-17  3.50071e-23  1.95288e+06  1.26609  3 
5.28088e-17  3.62027e-23  1.90992e+06  1.30933  4 
5.4282e-17  3.40895e-23  1.9632e+06  1.2329  4 
5.326e-17  3.88374e-23  1.92624e+06  1.40462  5 
5.4501e-17  3.54288e-23  1.97112e+06  1.28134  5 
5.47465e-17  3.45313e-23  1.98e+06  1.24888  5 
5.33795e-17  4.11549e-23  1.93056e+06  1.48844  6 
5.37047e-17  3.99851e-23  1.94232e+06  1.44613  6 
5.48593e-17  3.49647e-23  1.98408e+06  1.26456  6 
5.81667e-17  4.67425e-23  1.7904e+06  1.43876  7 
5.67866e-17  4.9407e-23  1.74792e+06  1.52077  7 
5.71141e-17  4.84969e-23  1.758e+06  1.49276  7 
5.7005e-17  4.85758e-23  1.75464e+06  1.49519  7 
6.04435e-17  3.93002e-23  1.86048e+06  1.20968  7 
5.8619e-17  4.66854e-23  1.80432e+06  1.437  7 
6.18158e-17  3.86885e-23  1.90272e+06  1.19085  7 
5.52194e-17  5.25237e-23  1.69968e+06  1.6167  7 
5.94065e-17  4.3371e-23  1.82856e+06  1.33498  7 
5.64591e-17  5.0206e-23  1.73784e+06  1.54537  7 
6.35156e-17  3.83656e-23  1.95504e+06  1.18091  7 
5.74104e-17  4.89718e-23  1.76712e+06  1.50738  8 
5.87905e-17  4.72583e-23  1.8096e+06  1.45463  8 
5.77145e-17  4.86283e-23  1.77648e+06  1.4968  8 
5.95e-17  4.59574e-23  1.83144e+06  1.41459  8 
6.31257e-17  3.90819e-23  1.94304e+06  1.20296  8 
6.04669e-17  4.36399e-23  1.8612e+06  1.34326  8 
6.22134e-17  3.9389e-23  1.91496e+06  1.21241  8 
5.68412e-17  5.16454e-23  1.7496e+06  1.58967  8 
6.06774e-17  4.20796e-23  1.86768e+06  1.29523  8 
5.72389e-17  5.02856e-23  1.76184e+06  1.54782  8 
6.1691e-17  4.18004e-23  1.89888e+06  1.28664  8 
6.57222e-17  3.87059e-23  2.02296e+06  1.19139  8 
6.69463e-17  3.86912e-23  2.06064e+06  1.19094  8 
5.97495e-17  4.6535e-23  1.83912e+06  1.43237  9 
5.94844e-17  4.76764e-23  1.83096e+06  1.4675  9 
5.86034e-17  4.9147e-23  1.80384e+06  1.51277  9 
5.7426e-17  5.57097e-23  1.7676e+06  1.71477  9 
6.16209e-17  4.26309e-23  1.89672e+06  1.3122  9 
5.78938e-17  4.98709e-23  1.782e+06  1.53505  9 
6.17768e-17  4.21942e-23  1.90152e+06  1.29876  9 
6.25175e-17  4.17599e-23  1.92432e+06  1.28539  9 
6.31959e-17  4.05621e-23  1.9452e+06  1.24852  9 
6.41549e-17  4.00753e-23  1.97472e+06  1.23354  9 
6.12544e-17  4.68476e-23  1.88544e+06  1.44199  10 
6.20029e-17  4.46722e-23  1.90848e+06  1.37503  10 
5.82213e-17  5.51582e-23  1.79208e+06  1.6978  10 
5.83227e-17  5.13856e-23  1.7952e+06  1.58167  10 
6.02174e-17  4.92189e-23  1.85352e+06  1.51498  10 
6.2767e-17  4.33487e-23  1.932e+06  1.33429  10 
6.31335e-17  4.17992e-23  1.94328e+06  1.2866  10 
5.96794e-17  5.11458e-23  1.83696e+06  1.57429  10 
6.35468e-17  4.14366e-23  1.956e+06  1.27544  10 
6.49035e-17  4.05489e-23  1.99776e+06  1.24811  10 
7.17665e-17  4.44128e-23  1.88088e+06  1.16399  11 
7.14094e-17  4.50995e-23  1.87152e+06  1.18198  11 
7.42757e-17  4.37237e-23  1.94664e+06  1.14592  11 
7.07684e-17  4.64722e-23  1.85472e+06  1.21796  11 

4.67502e-17  4.22567e-23  1.6908e+06  1.52828  0 
4.71882e-17  4.51214e-23  1.70664e+06  1.63189  1 
5.75601e-17  3.21296e-23  2.08176e+06  1.16202  0 
5.23708e-17  3.21757e-23  1.89408e+06  1.16369  0 
5.13555e-17  3.35171e-23  1.85736e+06  1.2122  0 
5.01876e-17  3.37328e-23  1.81512e+06  1.22  0 
5.00151e-17  3.38112e-23  1.80888e+06  1.22284  0 
4.96235e-17  3.98071e-23  1.79472e+06  1.43969  0 
4.83561e-17  4.14286e-23  1.74888e+06  1.49834  0 
4.84755e-17  4.15631e-23  1.7532e+06  1.5032  1 
5.25168e-17  3.25979e-23  1.89936e+06  1.17896  1 
4.99553e-17  4.00991e-23  1.80672e+06  1.45025  1 
5.07583e-17  3.72671e-23  1.83576e+06  1.34783  1 
4.84424e-17  4.30234e-23  1.752e+06  1.55601  1 
5.18864e-17  3.55561e-23  1.87656e+06  1.28595  1 
5.20125e-17  3.43339e-23  1.88112e+06  1.24174  1 
5.54035e-17  3.25559e-23  2.00376e+06  1.17744  1 
5.66643e-17  3.21951e-23  2.04936e+06  1.16439  1 
5.11896e-17  3.75116e-23  1.85136e+06  1.35667  2 
5.08777e-17  3.98096e-23  1.84008e+06  1.43978  2 
5.37976e-17  3.27629e-23  1.94568e+06  1.18493  2 
4.86215e-17  4.25359e-23  1.75848e+06  1.53838  2 
5.19859e-17  3.71419e-23  1.88016e+06  1.3433  2 
5.43749e-17  3.26248e-23  1.96656e+06  1.17993  2 
5.21717e-17  3.59516e-23  1.88688e+06  1.30025  2 
5.24106e-17  3.56023e-23  1.89552e+06  1.28762  2 
5.49058e-17  3.2623e-23  1.98576e+06  1.17987  2 
5.30676e-17  3.55467e-23  1.91928e+06  1.28561  2 
5.328e-17  3.52727e-23  1.92696e+06  1.2757  2 
5.37843e-17  3.45213e-23  1.9452e+06  1.24852  2 
5.12427e-17  3.91572e-23  1.85328e+06  1.41619  3 
5.11498e-17  4.01964e-23  1.84992e+06  1.45377  3 
5.42687e-17  3.34035e-23  1.96272e+06  1.20809  3 
4.89998e-17  4.41551e-23  1.77216e+06  1.59695  3 
5.23111e-17  3.72312e-23  1.89192e+06  1.34653  3 
4.90661e-17  4.27672e-23  1.77456e+06  1.54675  3 
5.24438e-17  3.6282e-23  1.89672e+06  1.3122  3 
5.24637e-17  3.5807e-23  1.89744e+06  1.29502  3 
5.26694e-17  3.57445e-23  1.90488e+06  1.29276  3 
5.30411e-17  3.57258e-23  1.91832e+06  1.29208  3 
5.33795e-17  3.53345e-23  1.93056e+06  1.27793  3 
5.59144e-17  3.2964e-23  2.02224e+06  1.1922  3 
5.62197e-17  3.27628e-23  2.03328e+06  1.18492  3 
5.39966e-17  3.50071e-23  1.95288e+06  1.26609  3 
5.28088e-17  3.62027e-23  1.90992e+06  1.30933  4 
5.4282e-17  3.40895e-23  1.9632e+06  1.2329  4 
5.326e-17  3.88374e-23  1.92624e+06  1.40462  5 
5.4501e-17  3.54288e-23  1.97112e+06  1.28134  5 
5.47465e-17  3.45313e-23  1.98e+06  1.24888  5 
5.33795e-17  4.11549e-23  1.93056e+06  1.48844  6 
5.37047e-17  3.99851e-23  1.94232e+06  1.44613  6 
5.48593e-17  3.49647e-23  1.98408e+06  1.26456  6 
5.81667e-17  4.67425e-23  1.7904e+06  1.43876  7 
5.67866e-17  4.9407e-23  1.74792e+06  1.52077  7 
5.71141e-17  4.84969e-23  1.758e+06  1.49276  7 
5.7005e-17  4.85758e-23  1.75464e+06  1.49519  7 
6.04435e-17  3.93002e-23  1.86048e+06  1.20968  7 
5.8619e-17  4.66854e-23  1.80432e+06  1.437  7 
6.18158e-17  3.86885e-23  1.90272e+06  1.19085  7 
5.52194e-17  5.25237e-23  1.69968e+06  1.6167  7 
5.94065e-17  4.3371e-23  1.82856e+06  1.33498  7 
5.64591e-17  5.0206e-23  1.73784e+06  1.54537  7 
6.35156e-17  3.83656e-23  1.95504e+06  1.18091  7 
5.74104e-17  4.89718e-23  1.76712e+06  1.50738  8 
5.87905e-17  4.72583e-23  1.8096e+06  1.45463  8 
5.77145e-17  4.86283e-23  1.77648e+06  1.4968  8 
5.95e-17  4.59574e-23  1.83144e+06  1.41459  8 
6.31257e-17  3.90819e-23  1.94304e+06  1.20296  8 
6.04669e-17  4.36399e-23  1.8612e+06  1.34326  8 
6.22134e-17  3.9389e-23  1.91496e+06  1.21241  8 
5.68412e-17  5.16454e-23  1.7496e+06  1.58967  8 
6.06774e-17  4.20796e-23  1.86768e+06  1.29523  8 
5.72389e-17  5.02856e-23  1.76184e+06  1.54782  8 
6.1691e-17  4.18004e-23  1.89888e+06  1.28664  8 
6.57222e-17  3.87059e-23  2.02296e+06  1.19139  8 
6.69463e-17  3.86912e-23  2.06064e+06  1.19094  8 
5.97495e-17  4.6535e-23  1.83912e+06  1.43237  9 
5.94844e-17  4.76764e-23  1.83096e+06  1.4675  9 
5.86034e-17  4.9147e-23  1.80384e+06  1.51277  9 
5.7426e-17  5.57097e-23  1.7676e+06  1.71477  9 
6.16209e-17  4.26309e-23  1.89672e+06  1.3122  9 
5.78938e-17  4.98709e-23  1.782e+06  1.53505  9 
6.17768e-17  4.21942e-23  1.90152e+06  1.29876  9 
6.25175e-17  4.17599e-23  1.92432e+06  1.28539  9 
6.31959e-17  4.05621e-23  1.9452e+06  1.24852  9 
6.41549e-17  4.00753e-23  1.97472e+06  1.23354  9 
6.12544e-17  4.68476e-23  1.88544e+06  1.44199  10 
6.20029e-17  4.46722e-23  1.90848e+06  1.37503  10 
5.82213e-17  5.51582e-23  1.79208e+06  1.6978  10 
5.83227e-17  5.13856e-23  1.7952e+06  1.58167  10 
6.02174e-17  4.92189e-23  1.85352e+06  1.51498  10 
6.2767e-17  4.33487e-23  1.932e+06  1.33429  10 
6.31335e-17  4.17992e-23  1.94328e+06  1.2866  10 
5.96794e-17  5.11458e-23  1.83696e+06  1.57429  10 
6.35468e-17  4.14366e-23  1.956e+06  1.27544  10 
6.49035e-17  4.05489e-23  1.99776e+06  1.24811  10 
7.17665e-17  4.44128e-23  1.88088e+06  1.16399  11 
7.14094e-17  4.50995e-23  1.87152e+06  1.18198  11 
7.42757e-17  4.37237e-23  1.94664e+06  1.14592  11 
7.07684e-17  4.64722e-23  1.85472e+06  1.21796  11 

4.67502e-17  4.22567e-23  1.6908e+06  1.52828  0 
4.71882e-17  4.51214e-23  1.70664e+06  1.63189  1 
5.75601e-17  3.21296e-23  2.08176e+06  1.16202  0 
5.23708e-17  3.21757e-23  1.89408e+06  1.16369  0 
5.13555e-17  3.35171e-23  1.85736e+06  1.2122  0 
5.01876e-17  3.37328e-23  1.81512e+06  1.22  0 
5.00151e-17  3.38112e-23  1.80888e+06  1.22284  0 
4.96235e-17  3.98071e-23  1.79472e+06  1.43969  0 
4.83561e-17  4.14286e-23  1.74888e+06  1.49834  0 
4.84755e-17  4.15631e-23  1.7532e+06  1.5032  1 
5.25168e-17  3.25979e-23  1.89936e+06  1.17896  1 
4.99553e-17  4.00991e-23  1.80672e+06  1.45025  1 
5.07583e-17  3.72671e-23  1.83576e+06  1.34783  1 
4.84424e-17  4.30234e-23  1.752e+06  1.55601  1 
5.18864e-17  3.55561e-23  1.87656e+06  1.28595  1 
5.20125e-17  3.43339e-23  1.88112e+06  1.24174  1 
5.54035e-17  3.25559e-23  2.00376e+06  1.17744  1 
5.66643e-17  3.21951e-23  2.04936e+06  1.16439  1 
5.11896e-17  3.75116e-23  1.85136e+06  1.35667  2 
5.08777e-17  3.98096e-23  1.84008e+06  1.43978  2 
5.37976e-17  3.27629e-23  1.94568e+06  1.18493  2 
4.86215e-17  4.25359e-23  1.75848e+06  1.53838  2 
5.19859e-17  3.71419e-23  1.88016e+06  1.3433  2 
5.43749e-17  3.26248e-23  1.96656e+06  1.17993  2 
5.21717e-17  3.59516e-23  1.88688e+06  1.30025  2 
5.24106e-17  3.56023e-23  1.89552e+06  1.28762  2 
5.49058e-17  3.2623e-23  1.98576e+06  1.17987  2 
5.30676e-17  3.55467e-23  1.91928e+06  1.28561  2 
5.328e-17  3.52727e-23  1.92696e+06  1.2757  2 
5.37843e-17  3.45213e-23  1.9452e+06  1.24852  2 
5.12427e-17  3.91572e-23  1.85328e+06  1.41619  3 
5.11498e-17  4.01964e-23  1.84992e+06  1.45377  3 
5.42687e-17  3.34035e-23  1.96272e+06  1.20809  3 
4.89998e-17  4.41551e-23  1.77216e+06  1.59695  3 
5.23111e-17  3.72312e-23  1.89192e+06  1.34653  3 
4.90661e-17  4.27672e-23  1.77456e+06  1.54675  3 
5.24438e-17  3.6282e-23  1.89672e+06  1.3122  3 
5.24637e-17  3.5807e-23  1.89744e+06  1.29502  3 
5.26694e-17  3.57445e-23  1.90488e+06  1.29276  3 
5.30411e-17  3.57258e-23  1.91832e+06  1.29208  3 
5.33795e-17  3.53345e-23  1.93056e+06  1.27793  3 
5.59144e-17  3.2964e-23  2.02224e+06  1.1922  3 
5.62197e-17  3.27628e-23  2.03328e+06  1.18492  3 
5.39966e-17  3.50071e-23  1.95288e+06  1.26609  3 
5.28088e-17  3.62027e-23  1.90992e+06  1.30933  4 
5.4282e-17  3.40895e-23  1.9632e+06  1.2329  4 
5.326e-17  3.88374e-23  1.92624e+06  1.40462  5 
5.4501e-17  3.54288e-23  1.97112e+06  1.28134  5 
5.47465e-17  3.45313e-23  1.98e+06  1.24888  5 
5.33795e-17  4.11549e-23  1.93056e+06  1.48844  6 
5.37047e-17  3.99851e-23  1.94232e+06  1.44613  6 
5.48593e-17  3.49647e-23  1.98408e+06  1.26456  6 
5.81667e-17  4.67425e-23  1.7904e+06  1.43876  7 
5.67866e-17  4.9407e-23  1.74792e+06  1.52077  7 
5.71141e-17  4.84969e-23  1.758e+06  1.49276  7 
5.7005e-17  4.85758e-23  1.75464e+06  1.49519  7 
6.04435e-17  3.93002e-23  1.86048e+06  1.20968  7 
5.8619e-17  4.66854e-23  1.80432e+06  1.437  7 
6.18158e-17  3.86885e-23  1.90272e+06  1.19085  7 
5.52194e-17  5.25237e-23  1.69968e+06  1.6167  7 
5.94065e-17  4.3371e-23  1.82856e+06  1.33498  7 
5.64591e-17  5.0206e-23  1.73784e+06  1.54537  7 
6.35156e-17  3.83656e-23  1.95504e+06  1.18091  7 
5.74104e-17  4.89718e-23  1.76712e+06  1.50738  8 
5.87905e-17  4.72583e-23  1.8096e+06  1.45463  8 
5.77145e-17  4.86283e-23  1.77648e+06  1.4968  8 
5.95e-17  4.59574e-23  1.83144e+06  1.41459  8 
6.31257e-17  3.90819e-23  1.94304e+06  1.20296  8 
6.04669e-17  4.36399e-23  1.8612e+06  1.34326  8 
6.22134e-17  3.9389e-23  1.91496e+06  1.21241  8 
5.68412e-17  5.16454e-23  1.7496e+06  1.58967  8 
6.06774e-17  4.20796e-23  1.86768e+06  1.29523  8 
5.72389e-17  5.02856e-23  1.76184e+06  1.54782  8 
6.1691e-17  4.18004e-23  1.89888e+06  1.28664  8 
6.57222e-17  3.87059e-23  2.02296e+06  1.19139  8 
6.69463e-17  3.86912e-23  2.06064e+06  1.19094  8 
5.97495e-17  4.6535e-23  1.83912e+06  1.43237  9 
5.94844e-17  4.76764e-23  1.83096e+06  1.4675  9 
5.86034e-17  4.9147e-23  1.80384e+06  1.51277  9 
5.7426e-17  5.57097e-23  1.7676e+06  1.71477  9 
6.16209e-17  4.26309e-23  1.89672e+06  1.3122  9 
5.78938e-17  4.98709e-23  1.782e+06  1.53505  9 
6.17768e-17  4.21942e-23  1.90152e+06  1.29876  9 
6.25175e-17  4.17599e-23  1.92432e+06  1.28539  9 
6.31959e-17  4.05621e-23  1.9452e+06  1.24852  9 
6.41549e-17  4.00753e-23  1.97472e+06  1.23354  9 
6.12544e-17  4.68476e-23  1.88544e+06  1.44199  10 
6.20029e-17  4.46722e-23  1.90848e+06  1.37503  10 
5.82213e-17  5.51582e-23  1.79208e+06  1.6978  10 
5.83227e-17  5.13856e-23  1.7952e+06  1.58167  10 
6.02174e-17  4.92189e-23  1.85352e+06  1.51498  10 
6.2767e-17  4.33487e-23  1.932e+06  1.33429  10 
6.31335e-17  4.17992e-23  1.94328e+06  1.2866  10 
5.96794e-17  5.11458e-23  1.83696e+06  1.57429  10 
6.35468e-17  4.14366e-23  1.956e+06  1.27544  10 
6.49035e-17  4.05489e-23  1.99776e+06  1.24811  10 
7.17665e-17  4.44128e-23  1.88088e+06  1.16399  11 
7.14094e-17  4.50995e-23  1.87152e+06  1.18198  11 
7.42757e-17  4.37237e-23  1.94664e+06  1.14592  11 
7.07684e-17  4.64722e-23  1.85472e+06  1.21796  11 

4.67502e-17  4.22567e-23  1.6908e+06  1.52828  0 
4.71882e-17  4.51214e-23  1.70664e+06  1.63189  1 
5.75601e-17  3.21296e-23  2.08176e+06  1.16202  0 
5.23708e-17  3.21757e-23  1.89408e+06  1.16369  0 
5.13555e-17  3.35171e-23  1.85736e+06  1.2122  0 
5.01876e-17  3.37328e-23  1.81512e+06  1.22  0 
5.00151e-17  3.38112e-23  1.80888e+06  1.22284  0 
4.96235e-17  3.98071e-23  1.79472e+06  1.43969  0 
4.83561e-17  4.14286e-23  1.74888e+06  1.49834  0 
4.84755e-17  4.15631e-23  1.7532e+06  1.5032  1 
5.25168e-17  3.25979e-23  1.89936e+06  1.17896  1 
4.99553e-17  4.00991e-23  1.80672e+06  1.45025  1 
5.07583e-17  3.72671e-23  1.83576e+06  1.34783  1 
4.84424e-17  4.30234e-23  1.752e+06  1.55601  1 
5.18864e-17  3.55561e-23  1.87656e+06  1.28595  1 
5.20125e-17  3.43339e-23  1.88112e+06  1.24174  1 
5.54035e-17  3.25559e-23  2.00376e+06  1.17744  1 
5.66643e-17  3.21951e-23  2.04936e+06  1.16439  1 
5.11896e-17  3.75116e-23  1.85136e+06  1.35667  2 
5.08777e-17  3.98096e-23  1.84008e+06  1.43978  2 
5.37976e-17  3.27629e-23  1.94568e+06  1.18493  2 
4.86215e-17  4.25359e-23  1.75848e+06  1.53838  2 
5.19859e-17  3.71419e-23  1.88016e+06  1.3433  2 
5.43749e-17  3.26248e-23  1.96656e+06  1.17993  2 
5.21717e-17  3.59516e-23  1.88688e+06  1.30025  2 
5.24106e-17  3.56023e-23  1.89552e+06  1.28762  2 
5.49058e-17  3.2623e-23  1.98576e+06  1.17987  2 
5.30676e-17  3.55467e-23  1.91928e+06  1.28561  2 
5.328e-17  3.52727e-23  1.92696e+06  1.2757  2 
5.37843e-17  3.45213e-23  1.9452e+06  1.24852  2 
5.12427e-17  3.91572e-23  1.85328e+06  1.41619  3 
5.11498e-17  4.01964e-23  1.84992e+06  1.45377  3 
5.42687e-17  3.34035e-23  1.96272e+06  1.20809  3 
4.89998e-17  4.41551e-23  1.77216e+06  1.59695  3 
5.23111e-17  3.72312e-23  1.89192e+06  1.34653  3 
4.90661e-17  4.27672e-23  1.77456e+06  1.54675  3 
5.24438e-17  3.6282e-23  1.89672e+06  1.3122  3 
5.24637e-17  3.5807e-23  1.89744e+06  1.29502  3 
5.26694e-17  3.57445e-23  1.90488e+06  1.29276  3 
5.30411e-17  3.57258e-23  1.91832e+06  1.29208  3 
5.33795e-17  3.53345e-23  1.93056e+06  1.27793  3 
5.59144e-17  3.2964e-23  2.02224e+06  1.1922  3 
5.62197e-17  3.27628e-23  2.03328e+06  1.18492  3 
5.39966e-17  3.50071e-23  1.95288e+06  1.26609  3 
5.28088e-17  3.62027e-23  1.90992e+06  1.30933  4 
5.4282e-17  3.40895e-23  1.9632e+06  1.2329  4 
5.326e-17  3.88374e-23  1.92624e+06  1.40462  5 
5.4501e-17  3.54288e-23  1.97112e+06  1.28134  5 
5.47465e-17  3.45313e-23  1.98e+06  1.24888  5 
5.33795e-17  4.11549e-23  1.93056e+06  1.48844  6 
5.37047e-17  3.99851e-23  1.94232e+06  1.44613  6 
5.48593e-17  3.49647e-23  1.98408e+06  1.26456  6 
5.81667e-17  4.67425e-23  1.7904e+06  1.43876  7 
5.67866e-17  4.9407e-23  1.74792e+06  1.52077  7 
5.71141e-17  4.84969e-23  1.758e+06  1.49276  7 
5.7005e-17  4.85758e-23  1.75464e+06  1.49519  7 
6.04435e-17  3.93002e-23  1.86048e+06  1.20968  7 
5.8619e-17  4.66854e-23  1.80432e+06  1.437  7 
6.18158e-17  3.86885e-23  1.90272e+06  1.19085  7 
5.52194e-17  5.25237e-23  1.69968e+06  1.6167  7 
5.94065e-17  4.3371e-23  1.82856e+06  1.33498  7 
5.64591e-17  5.0206e-23  1.73784e+06  1.54537  7 
6.35156e-17  3.83656e-23  1.95504e+06  1.18091  7 
5.74104e-17  4.89718e-23  1.76712e+06  1.50738  8 
5.87905e-17  4.72583e-23  1.8096e+06  1.45463  8 
5.77145e-17  4.86283e-23  1.77648e+06  1.4968  8 
5.95e-17  4.59574e-23  1.83144e+06  1.41459  8 
6.31257e-17  3.90819e-23  1.94304e+06  1.20296  8 
6.04669e-17  4.36399e-23  1.8612e+06  1.34326  8 
6.22134e-17  3.9389e-23  1.91496e+06  1.21241  8 
5.68412e-17  5.16454e-23  1.7496e+06  1.58967  8 
6.06774e-17  4.20796e-23  1.86768e+06  1.29523  8 
5.72389e-17  5.02856e-23  1.76184e+06  1.54782  8 
6.1691e-17  4.18004e-23  1.89888e+06  1.28664  8 
6.57222e-17  3.87059e-23  2.02296e+06  1.19139  8 
6.69463e-17  3.86912e-23  2.06064e+06  1.19094  8 
5.97495e-17  4.6535e-23  1.83912e+06  1.43237  9 
5.94844e-17  4.76764e-23  1.83096e+06  1.4675  9 
5.86034e-17  4.9147e-23  1.80384e+06  1.51277  9 
5.7426e-17  5.57097e-23  1.7676e+06  1.71477  9 
6.16209e-17  4.26309e-23  1.89672e+06  1.3122  9 
5.78938e-17  4.98709e-23  1.782e+06  1.53505  9 
6.17768e-17  4.21942e-23  1.90152e+06  1.29876  9 
6.25175e-17  4.17599e-23  1.92432e+06  1.28539  9 
6.31959e-17  4.05621e-23  1.9452e+06  1.24852  9 
6.41549e-17  4.00753e-23  1.97472e+06  1.23354  9 
6.12544e-17  4.68476e-23  1.88544e+06  1.44199  10 
6.20029e-17  4.46722e-23  1.90848e+06  1.37503  10 
5.82213e-17  5.51582e-23  1.79208e+06  1.6978  10 
5.83227e-17  5.13856e-23  1.7952e+06  1.58167  10 
6.02174e-17  4.92189e-23  1.85352e+06  1.51498  10 
6.2767e-17  4.33487e-23  1.932e+06  1.33429  10 
6.31335e-17  4.17992e-23  1.94328e+06  1.2866  10 
5.96794e-17  5.11458e-23  1.83696e+06  1.57429  10 
6.35468e-17  4.14366e-23  1.956e+06  1.27544  10 
6.49035e-17  4.05489e-23  1.99776e+06  1.24811  10 
7.17665e-17  4.44128e-23  1.88088e+06  1.16399  11 
7.14094e-17  4.50995e-23  1.87152e+06  1.18198  11 
7.42757e-17  4.37237e-23  1.94664e+06  1.14592  11 
7.07684e-17  4.64722e-23  1.85472e+06  1.21796  11 

4.67502e-17  4.22567e-23  1.6908e+06  1.52828  0 
4.71882e-17  4.51214e-23  1.70664e+06  1.63189  1 
5.75601e-17  3.21296e-23  2.08176e+06  1.16202  0 
5.23708e-17  3.21757e-23  1.89408e+06  1.16369  0 
5.13555e-17  3.35171e-23  1.85736e+06  1.2122  0 
5.01876e-17  3.37328e-23  1.81512e+06  1.22  0 
5.00151e-17  3.38112e-23  1.80888e+06  1.22284  0 
4.96235e-17  3.98071e-23  1.79472e+06  1.43969  0 
4.83561e-17  4.14286e-23  1.74888e+06  1.49834  0 
4.84755e-17  4.15631e-23  1.7532e+06  1.5032  1 
5.25168e-17  3.25979e-23  1.89936e+06  1.17896  1 
4.99553e-17  4.00991e-23  1.80672e+06  1.45025  1 
5.07583e-17  3.72671e-23  1.83576e+06  1.34783  1 
4.84424e-17  4.30234e-23  1.752e+06  1.55601  1 
5.18864e-17  3.55561e-23  1.87656e+06  1.28595  1 
5.20125e-17  3.43339e-23  1.88112e+06  1.24174  1 
5.54035e-17  3.25559e-23  2.00376e+06  1.17744  1 
5.66643e-17  3.21951e-23  2.04936e+06  1.16439  1 
5.11896e-17  3.75116e-23  1.85136e+06  1.35667  2 
5.08777e-17  3.98096e-23  1.84008e+06  1.43978  2 
5.37976e-17  3.27629e-23  1.94568e+06  1.18493  2 
4.86215e-17  4.25359e-23  1.75848e+06  1.53838  2 
5.19859e-17  3.71419e-23  1.88016e+06  1.3433  2 
5.43749e-17  3.26248e-23  1.96656e+06  1.17993  2 
5.21717e-17  3.59516e-23  1.88688e+06  1.30025  2 
5.24106e-17  3.56023e-23  1.89552e+06  1.28762  2 
5.49058e-17  3.2623e-23  1.98576e+06  1.17987  2 
5.30676e-17  3.55467e-23  1.91928e+06  1.28561  2 
5.328e-17  3.52727e-23  1.92696e+06  1.2757  2 
5.37843e-17  3.45213e-23  1.9452e+06  1.24852  2 
5.12427e-17  3.91572e-23  1.85328e+06  1.41619  3 
5.11498e-17  4.01964e-23  1.84992e+06  1.45377  3 
5.42687e-17  3.34035e-23  1.96272e+06  1.20809  3 
4.89998e-17  4.41551e-23  1.77216e+06  1.59695  3 
5.23111e-17  3.72312e-23  1.89192e+06  1.34653  3 
4.90661e-17  4.27672e-23  1.77456e+06  1.54675  3 
5.24438e-17  3.6282e-23  1.89672e+06  1.3122  3 
5.24637e-17  3.5807e-23  1.89744e+06  1.29502  3 
5.26694e-17  3.57445e-23  1.90488e+06  1.29276  3 
5.30411e-17  3.57258e-23  1.91832e+06  1.29208  3 
5.33795e-17  3.53345e-23  1.93056e+06  1.27793  3 
5.59144e-17  3.2964e-23  2.02224e+06  1.1922  3 
5.62197e-17  3.27628e-23  2.03328e+06  1.18492  3 
5.39966e-17  3.50071e-23  1.95288e+06  1.26609  3 
5.28088e-17  3.62027e-23  1.90992e+06  1.30933  4 
5.4282e-17  3.40895e-23  1.9632e+06  1.2329  4 
5.326e-17  3.88374e-23  1.92624e+06  1.40462  5 
5.4501e-17  3.54288e-23  1.97112e+06  1.28134  5 
5.47465e-17  3.45313e-23  1.98e+06  1.24888  5 
5.33795e-17  4.11549e-23  1.93056e+06  1.48844  6 
5.37047e-17  3.99851e-23  1.94232e+06  1.44613  6 
5.48593e-17  3.49647e-23  1.98408e+06  1.26456  6 
5.81667e-17  4.67425e-23  1.7904e+06  1.43876  7 
5.67866e-17  4.9407e-23  1.74792e+06  1.52077  7 
5.71141e-17  4.84969e-23  1.758e+06  1.49276  7 
5.7005e-17  4.85758e-23  1.75464e+06  1.49519  7 
6.04435e-17  3.93002e-23  1.86048e+06  1.20968  7 
5.8619e-17  4.66854e-23  1.80432e+06  1.437  7 
6.18158e-17  3.86885e-23  1.90272e+06  1.19085  7 
5.52194e-17  5.25237e-23  1.69968e+06  1.6167  7 
5.94065e-17  4.3371e-23  1.82856e+06  1.33498  7 
5.64591e-17  5.0206e-23  1.73784e+06  1.54537  7 
6.35156e-17  3.83656e-23  1.95504e+06  1.18091  7 
5.74104e-17  4.89718e-23  1.76712e+06  1.50738  8 
5.87905e-17  4.72583e-23  1.8096e+06  1.45463  8 
5.77145e-17  4.86283e-23  1.77648e+06  1.4968  8 
5.95e-17  4.59574e-23  1.83144e+06  1.41459  8 
6.31257e-17  3.90819e-23  1.94304e+06  1.20296  8 
6.04669e-17  4.36399e-23  1.8612e+06  1.34326  8 
6.22134e-17  3.9389e-23  1.91496e+06  1.21241  8 
5.68412e-17  5.16454e-23  1.7496e+06  1.58967  8 
6.06774e-17  4.20796e-23  1.86768e+06  1.29523  8 
5.72389e-17  5.02856e-23  1.76184e+06  1.54782  8 
6.1691e-17  4.18004e-23  1.89888e+06  1.28664  8 
6.57222e-17  3.87059e-23  2.02296e+06  1.19139  8 
6.69463e-17  3.86912e-23  2.06064e+06  1.19094  8 
5.97495e-17  4.6535e-23  1.83912e+06  1.43237  9 
5.94844e-17  4.76764e-23  1.83096e+06  1.4675  9 
5.86034e-17  4.9147e-23  1.80384e+06  1.51277  9 
5.7426e-17  5.57097e-23  1.7676e+06  1.71477  9 
6.16209e-17  4.26309e-23  1.89672e+06  1.3122  9 
5.78938e-17  4.98709e-23  1.782e+06  1.53505  9 
6.17768e-17  4.21942e-23  1.90152e+06  1.29876  9 
6.25175e-17  4.17599e-23  1.92432e+06  1.28539  9 
6.31959e-17  4.05621e-23  1.9452e+06  1.24852  9 
6.41549e-17  4.00753e-23  1.97472e+06  1.23354  9 
6.12544e-17  4.68476e-23  1.88544e+06  1.44199  10 
6.20029e-17  4.46722e-23  1.90848e+06  1.37503  10 
5.82213e-17  5.51582e-23  1.79208e+06  1.6978  10 
5.83227e-17  5.13856e-23  1.7952e+06  1.58167  10 
6.02174e-17  4.92189e-23  1.85352e+06  1.51498  10 
6.2767e-17  4.33487e-23  1.932e+06  1.33429  10 
6.31335e-17  4.17992e-23  1.94328e+06  1.2866  10 
5.96794e-17  5.11458e-23  1.83696e+06  1.57429  10 
6.35468e-17  4.14366e-23  1.956e+06  1.27544  10 
6.49035e-17  4.05489e-23  1.99776e+06  1.24811  10 
7.17665e-17  4.44128e-23  1.88088e+06  1.16399  11 
7.14094e-17  4.50995e-23  1.87152e+06  1.18198  11 
7.42757e-17  4.37237e-23  1.94664e+06  1.14592  11 
7.07684e-17  4.64722e-23  1.85472e+06  1.21796  11 

4.67502e-17  4.22567e-23  1.6908e+06  1.52828  0 
4.71882e-17  4.51214e-23  1.70664e+06  1.63189  1 
5.75601e-17  3.21296e-23  2.08176e+06  1.16202  0 
5.23708e-17  3.21757e-23  1.89408e+06  1.16369  0 
5.13555e-17  3.35171e-23  1.85736e+06  1.2122  0 
5.01876e-17  3.37328e-23  1.81512e+06  1.22  0 
5.00151e-17  3.38112e-23  1.80888e+06  1.22284  0 
4.96235e-17  3.98071e-23  1.79472e+06  1.43969  0 
4.83561e-17  4.14286e-23  1.74888e+06  1.49834  0 
4.84755e-17  4.15631e-23  1.7532e+06  1.5032  1 
5.25168e-17  3.25979e-23  1.89936e+06  1.17896  1 
4.99553e-17  4.00991e-23  1.80672e+06  1.45025  1 
5.07583e-17  3.72671e-23  1.83576e+06  1.34783  1 
4.84424e-17  4.30234e-23  1.752e+06  1.55601  1 
5.18864e-17  3.55561e-23  1.87656e+06  1.28595  1 
5.20125e-17  3.43339e-23  1.88112e+06  1.24174  1 
5.54035e-17  3.25559e-23  2.00376e+06  1.17744  1 
5.66643e-17  3.21951e-23  2.04936e+06  1.16439  1 
5.11896e-17  3.75116e-23  1.85136e+06  1.35667  2 
5.08777e-17  3.98096e-23  1.84008e+06  1.43978  2 
5.37976e-17  3.27629e-23  1.94568e+06  1.18493  2 
4.86215e-17  4.25359e-23  1.75848e+06  1.53838  2 
5.19859e-17  3.71419e-23  1.88016e+06  1.3433  2 
5.43749e-17  3.26248e-23  1.96656e+06  1.17993  2 
5.21717e-17  3.59516e-23  1.88688e+06  1.30025  2 
5.24106e-17  3.56023e-23  1.89552e+06  1.28762  2 
5.49058e-17  3.2623e-23  1.98576e+06  1.17987  2 
5.30676e-17  3.55467e-23  1.91928e+06  1.28561  2 
5.328e-17  3.52727e-23  1.92696e+06  1.2757  2 
5.37843e-17  3.45213e-23  1.9452e+06  1.24852  2 
5.12427e-17  3.91572e-23  1.85328e+06  1.41619  3 
5.11498e-17  4.01964e-23  1.84992e+06  1.45377  3 
5.42687e-17  3.34035e-23  1.96272e+06  1.20809  3 
4.89998e-17  4.41551e-23  1.77216e+06  1.59695  3 
5.23111e-17  3.72312e-23  1.89192e+06  1.34653  3 
4.90661e-17  4.27672e-23  1.77456e+06  1.54675  3 
5.24438e-17  3.6282e-23  1.89672e+06  1.3122  3 
5.24637e-17  3.5807e-23  1.89744e+06  1.29502  3 
5.26694e-17  3.57445e-23  1.90488e+06  1.29276  3 
5.30411e-17  3.57258e-23  1.91832e+06  1.29208  3 
5.33795e-17  3.53345e-23  1.93056e+06  1.27793  3 
5.59144e-17  3.2964e-23  2.02224e+06  1.1922  3 
5.62197e-17  3.27628e-23  2.03328e+06  1.18492  3 
5.39966e-17  3.50071e-23  1.95288e+06  1.26609  3 
5.28088e-17  3.62027e-23  1.90992e+06  1.30933  4 
5.4282e-17  3.40895e-23  1.9632e+06  1.2329  4 
5.326e-17  3.88374e-23  1.92624e+06  1.40462  5 
5.4501e-17  3.54288e-23  1.97112e+06  1.28134  5 
5.47465e-17  3.45313e-23  1.98e+06  1.24888  5 
5.33795e-17  4.11549e-23  1.93056e+06  1.48844  6 
5.37047e-17  3.99851e-23  1.94232e+06  1.44613  6 
5.48593e-17  3.49647e-23  1.98408e+06  1.26456  6 
5.81667e-17  4.67425e-23  1.7904e+06  1.43876  7 
5.67866e-17  4.9407e-23  1.74792e+06  1.52077  7 
5.71141e-17  4.84969e-23  1.758e+06  1.49276  7 
5.7005e-17  4.85758e-23  1.75464e+06  1.49519  7 
6.04435e-17  3.93002e-23  1.86048e+06  1.20968  7 
5.8619e-17  4.66854e-23  1.80432e+06  1.437  7 
6.18158e-17  3.86885e-23  1.90272e+06  1.19085  7 
5.52194e-17  5.25237e-23  1.69968e+06  1.6167  7 
5.94065e-17  4.3371e-23  1.82856e+06  1.33498  7 
5.64591e-17  5.0206e-23  1.73784e+06  1.54537  7 
6.35156e-17  3.83656e-23  1.95504e+06  1.18091  7 
5.74104e-17  4.89718e-23  1.76712e+06  1.50738  8 
5.87905e-17  4.72583e-23  1.8096e+06  1.45463  8 
5.77145e-17  4.86283e-23  1.77648e+06  1.4968  8 
5.95e-17  4.59574e-23  1.83144e+06  1.41459  8 
6.31257e-17  3.90819e-23  1.94304e+06  1.20296  8 
6.04669e-17  4.36399e-23  1.8612e+06  1.34326  8 
6.22134e-17  3.9389e-23  1.91496e+06  1.21241  8 
6.06774e-17  4.20796e-23  1.86768e+06  1.29523  8 
5.68412e-17  5.16454e-23  1.7496e+06  1.58967  8 
5.72389e-17  5.02856e-23  1.76184e+06  1.54782  8 
6.1691e-17  4.18004e-23  1.89888e+06  1.28664  8 
6.57222e-17  3.87059e-23  2.02296e+06  1.19139  8 
6.69463e-17  3.86912e-23  2.06064e+06  1.19094  8 
5.97495e-17  4.6535e-23  1.83912e+06  1.43237  9 
5.94844e-17  4.76764e-23  1.83096e+06  1.4675  9 
5.86034e-17  4.9147e-23  1.80384e+06  1.51277  9 
5.7426e-17  5.57097e-23  1.7676e+06  1.71477  9 
6.16209e-17  4.26309e-23  1.89672e+06  1.3122  9 
5.78938e-17  4.98709e-23  1.782e+06  1.53505  9 
6.17768e-17  4.21942e-23  1.90152e+06  1.29876  9 
6.25175e-17  4.17599e-23  1.92432e+06  1.28539  9 
6.31959e-17  4.05621e-23  1.9452e+06  1.24852  9 
6.41549e-17  4.00753e-23  1.97472e+06  1.23354  9 
6.12544e-17  4.68476e-23  1.88544e+06  1.44199  10 
6.20029e-17  4.46722e-23  1.90848e+06  1.37503  10 
5.82213e-17  5.51582e-23  1.79208e+06  1.6978  10 
5.83227e-17  5.13856e-23  1.7952e+06  1.58167  10 
6.02174e-17  4.92189e-23  1.85352e+06  1.51498  10 
6.2767e-17  4.33487e-23  1.932e+06  1.33429  10 
6.31335e-17  4.17992e-23  1.94328e+06  1.2866  10 
5.96794e-17  5.11458e-23  1.83696e+06  1.57429  10 
6.35468e-17  4.14366e-23  1.956e+06  1.27544  10 
6.49035e-17  4.05489e-23  1.99776e+06  1.24811  10 
7.17665e-17  4.44128e-23  1.88088e+06  1.16399  11 
7.14094e-17  4.50995e-23  1.87152e+06  1.18198  11 
7.42757e-17  4.37237e-23  1.94664e+06  1.14592  11 
7.07684e-17  4.64722e-23  1.85472e+06  1.21796  11 

